score: 0.5317539092128212
Duration: 1195.9365379810333
timestamps: [29.563677310943604, 30.746030569076538, 34.359554052352905, 45.113229751586914, 49.42406368255615, 54.397149324417114, 66.36207318305969, 74.34989356994629, 90.85705137252808, 95.76266741752625, 116.69724154472351, 130.3273777961731, 142.9988842010498, 152.6382281780243, 162.28830742835999, 171.96121406555176, 184.68347191810608, 194.3738136291504, 204.08289194107056, 220.12968754768372, 229.9654996395111, 244.87865591049194, 256.97373032569885, 269.097589969635, 281.1878297328949, 288.65083408355713, 296.0728006362915, 305.56070017814636, 330.58681559562683, 340.42063093185425, 353.3293480873108, 366.13909697532654, 388.4568085670471, 404.4962213039398, 414.2042486667633, 423.8665220737457, 433.56511759757996, 443.5522811412811, 450.2601661682129, 458.61797881126404, 506.2796788215637, 531.9431147575378, 547.2242422103882, 567.1824843883514, 582.0844345092773, 597.0143294334412, 612.1632084846497, 636.6204240322113, 661.0185866355896, 675.8973171710968, 695.4758794307709, 724.1621270179749, 735.8857188224792, 750.4329075813293, 773.3816652297974, 785.0891795158386, 794.2854945659637, 806.4744138717651, 818.6710383892059, 830.5290930271149, 848.0282824039459, 860.0425972938538, 872.2619559764862, 883.429829120636, 892.1087274551392, 898.8248789310455, 909.5141520500183, 918.2257132530212, 926.8354454040527, 947.3600249290466, 1002.3943915367126, 1024.6854794025421, 1049.1162340641022, 1064.2452170848846, 1084.2018592357635, 1099.2566876411438, 1114.2905323505402, 1129.2683815956116, 1148.9515855312347, 1183.1440525054932, 1195.9365379810333]
nauc_scores: [0.45099889327351006, 0.4703240319173152, 0.49989420848314836, 0.49989420848314836, 0.49989420848314836, 0.49989420848314836, 0.5438098035186181, 0.5712401238051001, 0.6002315983628121, 0.6002315983628121, 0.6002315983628121, 0.6002315983628121, 0.6002315983628121, 0.6151445108851843, 0.6259588715968625, 0.6243917324011641, 0.6478677723677975, 0.6594635642918214, 0.6513913113920899, 0.6377578821007854, 0.6364059697602304, 0.6364059697602304, 0.6364059697602304, 0.6364059697602304, 0.6364059697602304, 0.6364059697602304, 0.6364059697602304, 0.6364059697602304, 0.6364059697602304, 0.6286532495121719, 0.6232863392556762, 0.6232863392556762, 0.6206099735687591, 0.6294747778173266, 0.6294747778173266, 0.6294747778173266, 0.6294747778173266, 0.6294747778173266, 0.6294747778173266, 0.6294747778173266, 0.6411753477078843, 0.6411753477078843, 0.6411753477078843, 0.6468471201695121, 0.6468471201695121, 0.6468471201695121, 0.6589825099296156, 0.6589825099296156, 0.6589825099296156, 0.6589825099296156, 0.6589825099296156, 0.6589825099296156, 0.6589825099296156, 0.6589825099296156, 0.6589825099296156, 0.6589825099296156, 0.6589825099296156, 0.6589825099296156, 0.6589825099296156, 0.6589825099296156, 0.6589825099296156, 0.6589825099296156, 0.6589825099296156, 0.6589825099296156, 0.6589825099296156, 0.6589825099296156, 0.6589825099296156, 0.6589825099296156, 0.6589825099296156, 0.6589825099296156, 0.6589825099296156, 0.6589825099296156, 0.6589825099296156, 0.6469324091221647, 0.6445717915780687, 0.6445717915780687, 0.6445717915780687, 0.6445717915780687, 0.6445717915780687, 0.6445717915780687, 0.6445717915780687]
accuracy: [0.30859414117868555, 0.3110375657878942, 0.3133386786441196, 0.3133386786441196, 0.3133386786441196, 0.3133386786441196, 0.3186851382320664, 0.32585295976329726, 0.3379796330609465, 0.3379796330609465, 0.3379796330609465, 0.3379796330609465, 0.3379796330609465, 0.34459986115735347, 0.3460574324787671, 0.35308010989967387, 0.3785216994610866, 0.39947638730400975, 0.42616846547975934, 0.4401309299475103, 0.4618002381247379, 0.4618002381247379, 0.4618002381247379, 0.4618002381247379, 0.4618002381247379, 0.4618002381247379, 0.4618002381247379, 0.4618002381247379, 0.4618002381247379, 0.465490477235965, 0.47029026493328996, 0.47029026493328996, 0.4707911146919994, 0.4779168234938569, 0.4779168234938569, 0.4779168234938569, 0.4779168234938569, 0.4779168234938569, 0.4779168234938569, 0.4779168234938569, 0.4419878345801934, 0.4419878345801934, 0.4419878345801934, 0.4464602056591049, 0.4464602056591049, 0.4464602056591049, 0.45344361682184925, 0.45344361682184925, 0.45344361682184925, 0.45344361682184925, 0.45344361682184925, 0.45344361682184925, 0.45344361682184925, 0.45344361682184925, 0.45344361682184925, 0.45344361682184925, 0.45344361682184925, 0.45344361682184925, 0.45344361682184925, 0.45344361682184925, 0.45344361682184925, 0.45344361682184925, 0.45344361682184925, 0.45344361682184925, 0.45344361682184925, 0.45344361682184925, 0.45344361682184925, 0.45344361682184925, 0.45344361682184925, 0.45344361682184925, 0.45344361682184925, 0.45344361682184925, 0.45344361682184925, 0.45076164369841876, 0.4495843630197751, 0.4495843630197751, 0.4495843630197751, 0.4495843630197751, 0.4495843630197751, 0.4495843630197751, 0.4495843630197751]
alc_mean: 0.527424036832322
alc_var: 0.00012684585932795913
nauc_mean: 0.6572553698632501
nauc_std: 0.0239797010300554
nauc_var: 0.0005750260614908401
alc_std: 0.011262586706789837
