score: 0.5646630916192441
Duration: 1191.3138098716736
timestamps: [10.769094705581665, 17.278079509735107, 32.08048892021179, 49.8838574886322, 55.141581535339355, 57.564881324768066, 63.77535939216614, 67.52105736732483, 69.78326630592346, 72.06074857711792, 75.27808713912964, 77.58715653419495, 85.49471712112427, 88.70005083084106, 93.56146502494812, 96.06913924217224, 100.98509550094604, 104.34601521492004, 106.9257755279541, 111.96232080459595, 115.43905138969421, 119.72816109657288, 122.35848498344421, 126.66768336296082, 129.41675782203674, 178.5860550403595, 203.19065380096436, 215.63281536102295, 235.75120520591736, 248.13697147369385, 268.30277609825134, 280.62657499313354, 306.41617727279663, 322.2843267917633, 346.17556715011597, 362.30120491981506, 386.2207293510437, 404.21601462364197, 419.4336504936218, 438.4257938861847, 449.7816445827484, 466.42644023895264, 487.9899549484253, 512.9417898654938, 539.5009801387787, 558.9577121734619, 604.9404077529907, 622.4484159946442, 648.2189998626709, 670.1519064903259, 684.8617324829102, 694.8897185325623, 712.630645275116, 738.744024515152, 757.1884195804596, 768.4578166007996, 790.9412939548492, 802.2528643608093, 828.2974278926849, 843.2161009311676, 858.7025227546692, 870.8725755214691, 883.041595697403, 898.3803350925446, 919.5373363494873, 931.2365741729736, 947.100656747818, 965.1337232589722, 981.9299733638763, 993.854638338089, 1008.1752283573151, 1047.7605435848236, 1069.7072637081146, 1085.2968926429749, 1096.9299547672272, 1119.1256036758423, 1143.498347043991, 1165.9909088611603, 1181.0610876083374, 1191.3138098716736]
nauc_scores: [0.25141812612672165, 0.36664749870930513, 0.362130701122263, 0.394234640710899, 0.4649419876578713, 0.5069706628352659, 0.5499528841280046, 0.5710946689411815, 0.5793677186223931, 0.5952050818565373, 0.6211837677545602, 0.6211837677545602, 0.6211837677545602, 0.6211837677545602, 0.6211837677545602, 0.6211837677545602, 0.6211837677545602, 0.6211837677545602, 0.6211837677545602, 0.6211837677545602, 0.6315732129318858, 0.6315732129318858, 0.6315732129318858, 0.6315732129318858, 0.6271048103115402, 0.6271048103115402, 0.6417656862003902, 0.6498503015647257, 0.6514008765583943, 0.6481910858473574, 0.662119898240449, 0.6669646669407854, 0.6585544334021383, 0.661793349521878, 0.6634737336228052, 0.6604344923856025, 0.6652871713722559, 0.6669384391857096, 0.6669384391857096, 0.6669384391857096, 0.6669384391857096, 0.6669384391857096, 0.6669384391857096, 0.6669384391857096, 0.6669384391857096, 0.6669384391857096, 0.6689554524662373, 0.6689554524662373, 0.6678215900665485, 0.6678215900665485, 0.6678215900665485, 0.6678215900665485, 0.6678215900665485, 0.674471553730684, 0.674471553730684, 0.674471553730684, 0.6800604431269535, 0.6800604431269535, 0.6858218679960095, 0.6858218679960095, 0.6858218679960095, 0.6894113637784798, 0.6891698811847817, 0.6891698811847817, 0.6891698811847817, 0.6891698811847817, 0.6891698811847817, 0.6891698811847817, 0.6891698811847817, 0.6891698811847817, 0.6891698811847817, 0.6891698811847817, 0.6891698811847817, 0.6891698811847817, 0.6891698811847817, 0.6891698811847817, 0.6848933431926976, 0.6848933431926976, 0.6848933431926976, 0.6848933431926976]
accuracy: [0.1701171356658201, 0.20011155835970176, 0.202051447009668, 0.21096665560569078, 0.22824944762938976, 0.2499982372084689, 0.25955474786451227, 0.2599504369863487, 0.25930049979930375, 0.2786926315696293, 0.2918287760774008, 0.2918287760774008, 0.2918287760774008, 0.2918287760774008, 0.2918287760774008, 0.2918287760774008, 0.2918287760774008, 0.2918287760774008, 0.2918287760774008, 0.2918287760774008, 0.3060847140724616, 0.3060847140724616, 0.3060847140724616, 0.3060847140724616, 0.31525353562164227, 0.31525353562164227, 0.3028189136264303, 0.2984344942913062, 0.2799123484601495, 0.27064884847226733, 0.2791501285207441, 0.2920675344581747, 0.2880104214996353, 0.2949132750715559, 0.320415979264523, 0.32282452150464974, 0.34410728794780815, 0.34697329289548434, 0.34697329289548434, 0.34697329289548434, 0.34697329289548434, 0.34697329289548434, 0.34697329289548434, 0.34697329289548434, 0.34697329289548434, 0.34697329289548434, 0.34973603131186953, 0.34973603131186953, 0.34692966274340964, 0.34692966274340964, 0.34692966274340964, 0.34692966274340964, 0.34692966274340964, 0.3587243798338506, 0.3587243798338506, 0.3587243798338506, 0.3694356319936645, 0.3694356319936645, 0.3664790580821654, 0.3664790580821654, 0.3664790580821654, 0.3672391757235768, 0.3661896735636812, 0.3661896735636812, 0.3661896735636812, 0.3661896735636812, 0.3661896735636812, 0.3661896735636812, 0.3661896735636812, 0.3661896735636812, 0.3661896735636812, 0.3661896735636812, 0.3661896735636812, 0.3661896735636812, 0.3661896735636812, 0.3661896735636812, 0.3635178405035998, 0.3635178405035998, 0.3635178405035998, 0.3635178405035998]
nauc_var: 0.0015273820823718865
nauc_std: 0.039081735918097174
alc_mean: 0.5378285357296427
nauc_mean: 0.6852855886274094
alc_std: 0.01580464502219787
alc_var: 0.000249786804277684
