score: 0.674093013480191
Duration: 1167.0654006004333
timestamps: [88.0703010559082, 91.16099095344543, 100.03609085083008, 110.17839694023132, 132.93001174926758, 139.36953735351562, 151.3035590648651, 159.4735472202301, 167.09506750106812, 177.85572504997253, 189.2126922607422, 196.36001825332642, 206.53982782363892, 216.64513754844666, 247.01320600509644, 260.50366163253784, 276.60055208206177, 289.84598779678345, 300.40753746032715, 309.87113547325134, 319.61130714416504, 329.3518626689911, 343.3991434574127, 355.1909155845642, 366.8642222881317, 378.40049147605896, 390.0346050262451, 401.78687477111816, 413.4202609062195, 424.8682904243469, 434.2882921695709, 445.8743119239807, 457.5642137527466, 469.4415183067322, 475.34459042549133, 482.8406035900116, 491.13987469673157, 500.8784248828888, 508.46325612068176, 520.1521382331848, 529.7209889888763, 536.6219546794891, 543.9213936328888, 553.2564740180969, 566.7675096988678, 577.2863528728485, 589.7611963748932, 606.2594745159149, 615.950112581253, 625.785807132721, 641.7798309326172, 702.3070607185364, 717.5164654254913, 735.2560772895813, 750.6741211414337, 766.0504262447357, 777.7059407234192, 793.0322043895721, 841.5748674869537, 888.5908286571503, 935.3979740142822, 953.5641672611237, 974.4372313022614, 988.6385283470154, 1009.1937878131866, 1046.726621389389, 1069.088788509369, 1087.21972489357, 1101.0506160259247, 1119.2595584392548, 1167.0654006004333]
nauc_scores: [0.8253016542020724, 0.8857746890203335, 0.9245512203560751, 0.9245512203560751, 0.9310346896623678, 0.9330634571503, 0.9408290750432367, 0.9464314620514722, 0.9518227873557921, 0.9564602350706783, 0.9594801774819692, 0.9626122666676558, 0.9651179215603307, 0.9682533378727518, 0.9682533378727518, 0.9682533378727518, 0.9682533378727518, 0.9682533378727518, 0.9682533378727518, 0.9682533378727518, 0.9682533378727518, 0.9682533378727518, 0.9682533378727518, 0.9682533378727518, 0.9682533378727518, 0.9682533378727518, 0.9671002008636316, 0.9688131868277889, 0.9685733098544447, 0.9688208946244306, 0.9699849147909807, 0.9714616914563516, 0.9693267198476223, 0.9699291153331537, 0.9699291153331537, 0.9699291153331537, 0.9723987649084567, 0.9709034378747561, 0.9712068963873091, 0.9712241779781936, 0.9677282847424382, 0.9677282847424382, 0.9679612198297374, 0.9682780882667474, 0.9682780882667474, 0.9682780882667474, 0.9682780882667474, 0.9682780882667474, 0.9682780882667474, 0.9682780882667474, 0.9682780882667474, 0.9705143332769708, 0.9713061370947356, 0.9710963875102832, 0.9710963875102832, 0.9710963875102832, 0.9710963875102832, 0.9710963875102832, 0.9710963875102832, 0.9710963875102832, 0.9697970888594432, 0.9697970888594432, 0.9713978604436513, 0.9713978604436513, 0.9709796502035744, 0.9716512126792269, 0.9716512126792269, 0.9716512126792269, 0.9716512126792269, 0.9716512126792269, 0.9716512126792269]
accuracy: [0.06661165759685031, 0.09015631540126029, 0.12808454638740271, 0.12808454638740271, 0.14529434986954207, 0.17162236116509624, 0.24563647368514435, 0.2765313551578969, 0.32611327972472026, 0.41020239318791707, 0.461038090528853, 0.49465589659075915, 0.5797642389859778, 0.6017409186699966, 0.6017409186699966, 0.6017409186699966, 0.6017409186699966, 0.6017409186699966, 0.6017409186699966, 0.6017409186699966, 0.6017409186699966, 0.6017409186699966, 0.6017409186699966, 0.6017409186699966, 0.6017409186699966, 0.6017409186699966, 0.5622322206397684, 0.574056322561592, 0.531426645373642, 0.535010772263736, 0.5491682674419562, 0.5562949223015362, 0.525483168392668, 0.5287758092328658, 0.5287758092328658, 0.5287758092328658, 0.5615717095463878, 0.5375075622192544, 0.5478248768520462, 0.5502386651358119, 0.5338806580615306, 0.5338806580615306, 0.5378437469037153, 0.5442934870801636, 0.5442934870801636, 0.5442934870801636, 0.5442934870801636, 0.5442934870801636, 0.5442934870801636, 0.5442934870801636, 0.5442934870801636, 0.5421310348990919, 0.5517167868169367, 0.5562238060964199, 0.5562238060964199, 0.5562238060964199, 0.5562238060964199, 0.5562238060964199, 0.5562238060964199, 0.5562238060964199, 0.526866606016739, 0.526866606016739, 0.533590600787457, 0.533590600787457, 0.537896623890301, 0.5409534328363274, 0.5409534328363274, 0.5409534328363274, 0.5409534328363274, 0.5409534328363274, 0.5409534328363274]
nauc_var: 2.6820892412239114e-06
alc_std: 0.0010138471763665713
nauc_std: 0.0016377085336603432
alc_var: 1.0278860970264696e-06
alc_mean: 0.6744905564073257
nauc_mean: 0.9713038135074472
