8.192703586355725154e-01 7.364882359929557643e-01 9.051145238038520446e-01 6.077518712425822311e-01 8.005258821016504323e-01 6.187087915840321362e-01 8.325467387054125146e-01 6.337951727411106351e-01 9.233482026535224652e-01 8.633039954448036291e-01 7.974617878896819168e-01 7.355441348038397331e-01 8.957305804468213006e-01 7.694192006061647549e-01 6.825707709339912110e-01 6.094323202575316900e-01 8.747752045046778280e-01 6.990771459999443049e-01 9.099062260774650746e-01 6.230505476071246385e-01
7.894136720006854624e-01 6.913736600636745111e-01 6.684202605895186444e-01 8.263842651407040663e-01 6.787785211129060414e-01 7.193145310374305934e-01 6.864242990392662724e-01 7.358716761369805681e-01 6.674012732429399630e-01 7.672940647084520727e-01 8.031226058174055771e-01 7.989381155807424584e-01 7.646423463804077336e-01 7.772291492609330055e-01 6.976956137913696843e-01 7.177108357520626258e-01 6.960855523695808067e-01 7.970361652046429324e-01 7.282168794031660397e-01 7.284868830721166200e-01
8.912777790812852485e-01 6.213600049666072600e-01 7.961968855265901812e-01 8.053577430324823094e-01 6.550302222343270531e-01 5.636340856727198867e-01 6.788171419366124670e-01 6.074430413742463175e-01 6.643779783531297278e-01 8.999287764950478774e-01 8.920097340960799759e-01 8.378236540744019578e-01 9.684131596090875815e-01 8.056565910213550064e-01 5.445216437921578390e-01 5.167808993542429841e-01 7.446877122521782244e-01 8.083976632854621425e-01 8.724592453364483635e-01 5.699093458710617899e-01
6.857080065102880706e-01 7.969176738863569254e-01 7.040067280401649530e-01 8.110840492061439644e-01 8.386981322985176401e-01 7.956815616889020282e-01 8.191647053222993469e-01 8.286465990100954082e-01 7.222622538988098251e-01 6.803588671860906212e-01 6.960215695453693119e-01 7.058902272549693047e-01 6.925941455144507541e-01 6.588579613909957278e-01 7.648022358116663977e-01 7.547440115725954080e-01 8.729373212793634096e-01 6.894442005339203039e-01 6.606005483652216403e-01 8.185906075491354850e-01
7.541359276737723549e-01 7.917112305596696320e-01 8.524415061926164938e-01 5.616444500556981856e-01 8.147114818057201724e-01 7.110952018559943966e-01 8.526904466102630531e-01 7.054294389733144488e-01 9.625890726001684605e-01 7.843731531268754997e-01 7.341926310017783397e-01 7.003050711116934890e-01 7.677700027876155353e-01 7.570610099518082503e-01 8.104356697238528362e-01 7.613612817021424561e-01 8.235555849483775503e-01 6.756888136423901958e-01 8.649281131545063506e-01 7.130914497021813014e-01
8.243073881241509415e-01 6.670520383513844909e-01 7.208409936012487584e-01 8.405934827920642505e-01 6.930342684656223273e-01 6.583515491954881060e-01 6.946662284530659148e-01 6.908177291351779159e-01 6.658960286407158424e-01 8.171803612005001938e-01 8.343044659612800507e-01 8.116792318045704668e-01 8.483987520357230139e-01 7.741654451201392950e-01 6.201636321538214203e-01 6.162381119277836605e-01 7.551841462503475766e-01 7.967954464069333387e-01 7.625461872393106688e-01 6.720517967077399568e-01
8.008166992746947876e-01 6.741979159809594613e-01 6.302731318378461678e-01 8.187556750656143079e-01 6.620323665033538418e-01 7.403495034010829645e-01 6.599195846916225960e-01 7.266673345303700238e-01 7.175496358547811537e-01 7.720172804404010769e-01 8.176231909031552725e-01 8.255514154672211058e-01 7.210125035958161455e-01 8.268629776256238850e-01 7.150424493635519907e-01 7.536643049187423671e-01 6.563733612726079247e-01 8.357722073969764409e-01 6.899997846460236284e-01 7.499747308246998978e-01
7.936027597989911975e-01 7.286521497526813329e-01 7.934393886760803261e-01 6.971190343808819634e-01 7.630451195534245779e-01 6.957796715371392660e-01 7.805218663235752308e-01 6.906774289428367908e-01 8.155756060513030814e-01 8.059270373904608986e-01 7.883484658465302886e-01 7.457748057056113877e-01 8.147884684391440979e-01 7.725677394289778288e-01 7.048371745661187182e-01 6.778781000608391505e-01 8.101551896903979033e-01 7.334976848044948428e-01 8.068768327207695990e-01 6.911855918295094492e-01
8.179197507106252818e-01 6.612447063762207922e-01 6.695812093083370886e-01 8.463361448562032319e-01 6.770372367731581909e-01 6.988055854938545197e-01 6.719351117364388282e-01 7.053131530175993369e-01 6.719991005442269572e-01 7.984435078212746006e-01 8.331251010073789098e-01 8.270045122987610409e-01 7.896690048825243391e-01 8.035224476055137233e-01 6.528431358726446421e-01 6.732980696741464044e-01 7.067823234452125236e-01 8.229496059479914916e-01 7.162949549405155381e-01 7.093223351192965431e-01
7.214854246342716770e-01 7.953792290401787701e-01 7.563806492289493200e-01 6.572161015912700854e-01 7.874172300036678118e-01 7.917806675224965396e-01 8.145638858495651835e-01 7.688807997853602805e-01 8.283213158370026363e-01 7.214030678648674089e-01 7.173801744151050430e-01 6.861106323834814669e-01 7.061044739968275197e-01 7.381274351609201645e-01 8.220301133347103217e-01 8.120090003859565808e-01 7.902710463849635936e-01 6.897019807635431654e-01 7.696202920654993118e-01 7.756610323684900443e-01
7.177372722692377804e-01 7.685004725495520050e-01 6.962527091218116970e-01 7.971281931113312069e-01 7.629076886155837789e-01 7.649218627817587768e-01 7.672363043490730838e-01 8.009137154918798407e-01 7.004913909722847443e-01 7.046075727374743192e-01 7.275295810954851561e-01 7.259192688735353061e-01 7.198919086812723966e-01 6.943379593853568066e-01 7.608625285381354075e-01 7.606472860635062894e-01 7.849461692046598715e-01 7.186612707066969419e-01 7.133462515918043145e-01 7.814663031621216227e-01
9.112592818391194172e-01 6.305979774640249058e-01 8.114366349734298822e-01 6.153893694635729217e-01 6.477894194356974555e-01 6.033982262874393321e-01 6.900545611599027129e-01 5.573506138339704430e-01 9.231798308363087235e-01 9.282131034176651641e-01 8.976124494530599573e-01 8.455071271243268516e-01 8.801819615158948951e-01 9.304499089736469886e-01 6.620379685364075062e-01 6.457350171053274357e-01 6.679016113163646073e-01 8.372915004519586590e-01 9.019869186771083402e-01 5.908873495133358800e-01
5.562880379943280218e-01 9.644010941359492106e-01 7.851191022321913904e-01 5.846689269833749147e-01 9.532389769911351340e-01 9.541398157031099059e-01 9.823135766050478113e-01 9.255049560704220468e-01 8.401250798232213768e-01 5.608535740791007473e-01 5.476898274112564913e-01 5.087178060816269776e-01 5.734627910371149495e-01 5.754370115995979251e-01 9.876379298184205791e-01 9.592888058017972064e-01 9.395020124407924555e-01 5.177678100220099999e-01 7.170436742977071010e-01 9.171928620817263456e-01
6.957398643773589075e-01 7.612166196890348679e-01 6.105489909321875075e-01 8.732599948596341255e-01 7.692540465414542394e-01 8.395531538100364788e-01 7.449050475375011970e-01 8.427273747691406136e-01 6.337801090753980571e-01 6.617541977615994941e-01 7.194172908185527682e-01 7.394695311772638835e-01 6.443465392044880335e-01 7.024334993941102612e-01 7.692563209040067518e-01 8.049444220802076666e-01 7.701613639717322934e-01 7.454901166549404712e-01 5.993082526583333181e-01 8.489457056367074594e-01
7.914148309270636616e-01 6.787415358697925782e-01 6.455210479415999236e-01 9.002919469788759343e-01 6.666000335517898723e-01 7.056925780581110308e-01 6.682503863826635415e-01 7.489078476207786661e-01 5.916220011547581592e-01 7.640405411627958498e-01 8.105309107433686933e-01 8.117231847372763376e-01 7.886043889492333481e-01 7.521510783090712415e-01 6.528155319471423690e-01 6.732496162922927407e-01 7.143534372058801818e-01 8.087933564320229918e-01 7.047332406092496893e-01 7.209474815493095434e-01
8.267039876946760124e-01 6.770579201615500864e-01 7.052895857476014774e-01 7.074634991160267949e-01 6.897040579088997703e-01 7.128411824390389340e-01 6.998454432430306627e-01 6.710716834080253657e-01 8.501949145759040150e-01 8.198625457535495542e-01 8.292066630718273323e-01 8.215077970761769377e-01 7.478987629643356616e-01 8.680946797349216038e-01 7.276524230520620140e-01 7.431824746747481836e-01 6.810566502374220121e-01 8.233479224004377484e-01 7.562225600159790950e-01 7.135020941740193301e-01
8.216144250868443466e-01 7.039311038741216109e-01 7.945728335356507799e-01 6.898636765155169437e-01 7.090382811853646050e-01 6.563950831211338155e-01 7.439934027047667708e-01 6.652081955224585785e-01 8.065941172258517256e-01 8.321134735555519857e-01 8.148029769244208298e-01 7.706775164239650922e-01 8.457344784946587701e-01 7.959627384307553788e-01 6.922517621745428729e-01 6.667404079658070248e-01 7.520991425014705856e-01 7.578442715609715608e-01 8.530621633420363281e-01 6.542008367909257771e-01
7.352982847590449067e-01 7.607125757799203525e-01 7.267325574436684921e-01 7.801568178660487352e-01 7.767588162655914008e-01 7.380965353809745277e-01 7.789484765911849351e-01 7.738134226545680949e-01 7.418026303267901689e-01 7.327338095775229876e-01 7.406444618078042996e-01 7.346548626569175955e-01 7.484586156687433878e-01 7.058236060430986836e-01 7.381455442461922756e-01 7.244397099703371312e-01 8.148404524479748723e-01 7.207859387871267121e-01 7.313119020602522058e-01 7.576102026898969832e-01
8.732693725783151617e-01 6.711666289583664291e-01 8.714789225623311708e-01 6.699910024183091117e-01 7.312727404864199920e-01 5.606504878707962991e-01 7.582093963650204937e-01 5.923319423757583690e-01 8.818735456980524301e-01 9.100345778093626992e-01 8.572829802638310959e-01 8.080208630105452094e-01 9.380162073737648987e-01 8.149779945493483835e-01 6.152106913952534173e-01 5.544504888740261483e-01 8.117338179522999297e-01 7.685018971874291172e-01 9.106236646048789796e-01 5.799294465796632769e-01
8.284501067342440184e-01 6.812708979455668334e-01 7.510000670551049140e-01 7.380190938291798508e-01 7.115327353194170756e-01 6.477347348286242035e-01 7.183217719120944533e-01 6.660836288192412136e-01 8.365769277327452791e-01 8.359462757082445350e-01 8.277414315656518307e-01 8.229807965743647369e-01 8.112443777240158083e-01 8.178624058481992476e-01 6.813453899116110879e-01 6.667323699674869708e-01 7.410595872246439342e-01 8.011213824096057312e-01 7.920707332939235235e-01 6.764095911153062968e-01
7.645973112241697400e-01 8.215259769220828456e-01 1.000000000000000000e+00 5.000000000000000000e-01 8.665411176237076685e-01 6.294786496882165405e-01 9.339513985076794977e-01 6.670349035909436397e-01 9.706654068751285891e-01 8.292734240667595236e-01 7.265774342108370920e-01 6.387846335502436190e-01 9.099165010559893130e-01 6.875919372871157620e-01 7.514521129574982528e-01 6.372467746469735461e-01 9.540853650977676459e-01 5.920888232672896212e-01 1.000000000000000000e+00 6.205036753006197836e-01
6.711014078690979989e-01 8.384567490790096889e-01 7.835348712244184499e-01 7.322575344699844280e-01 8.756575329997825508e-01 7.853673559925946623e-01 8.789623160081549980e-01 8.233873198328498511e-01 7.666656773823397053e-01 6.824895252309678417e-01 6.691841990860145639e-01 6.474183963542889941e-01 7.290362190384547247e-01 6.247964728064434592e-01 7.870226292008268842e-01 7.467984500993215535e-01 9.294534182281470880e-01 6.272152743543519815e-01 7.349845642799561762e-01 7.947778413142206899e-01
9.464507238756840746e-01 6.043491195843911923e-01 8.594320274960191020e-01 6.370429204339559393e-01 6.373834161116271879e-01 5.210491050711364425e-01 6.832863192233101790e-01 5.172354973241670706e-01 9.052861727212915266e-01 9.768272816604943731e-01 9.290323274706588919e-01 8.668290333313968254e-01 9.723704444658676227e-01 9.175113802672245633e-01 5.877569453734461380e-01 5.457737055996305653e-01 6.989295214896544817e-01 8.408811740059793927e-01 9.583587783454029507e-01 5.236464219890483163e-01
8.425415184850241213e-01 6.548603616616680556e-01 7.277063847770364191e-01 8.145729215941165391e-01 6.604045487838635653e-01 6.378553301347094084e-01 6.791111688499729127e-01 6.712032260655885763e-01 6.761999207997281269e-01 8.359930638464869723e-01 8.489558221684624373e-01 8.251630892616703683e-01 8.643140435080787221e-01 7.958703214710657337e-01 6.231174359681019848e-01 6.190340325042162917e-01 7.158407305141580856e-01 8.098350617377247929e-01 8.012696127217477926e-01 6.472954359398346291e-01
6.239122727004542401e-01 8.415064482217329278e-01 6.135672203334281427e-01 7.993718889455633247e-01 8.189981975554978533e-01 9.087470194602662588e-01 8.058912240136660854e-01 9.092352094874931456e-01 7.149391538797924550e-01 5.916124079068574293e-01 6.423184063643772035e-01 6.688565999973066223e-01 5.560635827616128291e-01 6.567838667917088591e-01 8.846451385666759260e-01 9.147259491165260492e-01 7.948650506961071338e-01 6.853260359909092436e-01 5.896105324477621812e-01 9.176066694650406586e-01
8.583521674555986136e-01 6.429332003185360689e-01 7.105572664034243147e-01 7.758222051478083081e-01 6.591400321514661043e-01 6.529252700724927916e-01 6.663020565444733867e-01 6.478839580002747622e-01 7.839640113873358462e-01 8.521154206992374025e-01 8.638111563681305505e-01 8.496148970469521444e-01 8.198635343024633926e-01 8.590291041316409082e-01 6.493373025155301237e-01 6.565586763566207962e-01 6.918034725337264268e-01 8.452888524267569981e-01 7.721684237032988563e-01 6.654358139983517217e-01
5.430221688899928845e-01 9.069416292523071466e-01 5.994092005726094907e-01 8.521601219734401544e-01 9.167339741871179948e-01 1.000000000000000000e+00 8.765953636737289223e-01 9.969767747282096693e-01 6.379174334632252696e-01 5.058294691550909716e-01 5.690774143069895485e-01 5.915554162026597229e-01 5.000000000000000000e-01 5.604054224721679578e-01 9.112672257582494773e-01 9.414047250085960661e-01 9.063949359805453243e-01 6.111050159153432748e-01 5.000000000000000000e-01 1.000000000000000000e+00
7.341789756015733026e-01 7.297746549130273985e-01 6.496859367787337636e-01 9.227296972768851413e-01 7.262576529177356965e-01 7.402988689274553336e-01 7.200717421936748686e-01 8.098499653209461080e-01 5.549206291902055721e-01 7.084833123984118908e-01 7.546644327014582210e-01 7.646658368467945666e-01 7.604877619232210950e-01 6.734554770641141275e-01 6.811008424161737462e-01 6.910856957010255153e-01 7.812920717931243209e-01 7.526416926158527865e-01 6.763179481355020561e-01 7.635286722089532629e-01
6.307416371656981990e-01 8.562943762384226387e-01 6.842210165636053443e-01 7.425495169405161855e-01 8.443472784758949690e-01 8.714339950045690841e-01 8.466913591403147921e-01 8.847326104514431355e-01 7.610071553421916546e-01 6.166517085011203880e-01 6.381247602551649578e-01 6.496658398923123023e-01 6.050862238746383959e-01 6.423597863078472914e-01 8.789037881061056989e-01 8.801816384976290930e-01 8.389412940366480775e-01 6.519819852832405838e-01 6.580629700192547338e-01 8.786086621076145686e-01
5.603401013635048722e-01 9.238324436616303093e-01 6.531221403734742692e-01 7.038119809738723198e-01 8.839582602689504132e-01 9.887867004245080027e-01 8.890343643810860730e-01 9.579160135344180205e-01 7.667319663388912909e-01 5.331393265681629856e-01 5.703456039320946580e-01 5.687000522917012857e-01 5.032660484892552688e-01 6.110503963206508349e-01 9.803325066350017103e-01 1.000000000000000000e+00 8.505060419449566034e-01 6.004503478240795777e-01 6.039987809805816843e-01 9.671018128048464169e-01
7.673553927544426445e-01 7.928488938596713886e-01 9.309364090624689947e-01 5.797418328880775684e-01 8.410822697706874518e-01 6.513519056486480885e-01 8.874917867586525899e-01 6.832324453911792217e-01 8.967142497106802557e-01 8.143300162766551331e-01 7.417526619306780145e-01 6.724191218427075789e-01 8.797258971265649041e-01 6.998302820415519543e-01 7.312629500116621939e-01 6.456690773473773293e-01 9.133168546129148968e-01 6.312788883101444481e-01 9.308048112760858306e-01 6.480972780205095374e-01
7.670405020061096257e-01 7.552144257773616420e-01 7.702462892181924925e-01 6.540381252784039923e-01 7.470880009281737344e-01 7.289723479732943545e-01 7.816562877380081042e-01 7.208553179624033191e-01 8.487923940593905536e-01 7.728052498709644391e-01 7.599507799635225602e-01 7.313105108040687252e-01 7.570199741900673907e-01 7.733719006087511616e-01 7.789270399529023559e-01 7.620268958916027735e-01 7.592632071156187878e-01 7.268474315393076424e-01 8.122977759888287963e-01 7.230170970553851939e-01
7.394099695594694710e-01 7.177143004785673241e-01 6.235902980648933003e-01 9.330996259847736951e-01 7.285433135373449165e-01 7.743952648387338877e-01 7.078313425738865794e-01 8.059495152471862767e-01 5.550490897073655505e-01 7.064640950182962120e-01 7.649502052276866415e-01 7.672949781303766148e-01 7.356240261563412597e-01 7.014516746568288941e-01 6.772744294903293438e-01 7.039049326659770900e-01 7.760220166477597159e-01 7.698858083154633825e-01 6.316088949534465202e-01 7.848620310645981757e-01
7.374346475837483261e-01 6.931590628332668924e-01 4.999999999999999445e-01 9.546087129388278747e-01 6.736751547319477229e-01 8.406758997780484632e-01 6.355094270987847738e-01 8.284243402364847020e-01 6.015789298298963583e-01 6.775258399788708363e-01 7.748482212763101451e-01 8.254123047550997461e-01 6.051012359977139266e-01 7.835224341802449199e-01 7.451876130496465356e-01 8.258229742700821108e-01 6.513550112896971944e-01 8.520818929576242651e-01 5.278188659896385637e-01 8.601495351406235335e-01
7.896713687363459133e-01 7.031229634998673594e-01 7.197122920842056182e-01 8.296213950012849558e-01 7.259590820109178555e-01 6.891687984611201134e-01 7.260981978500006262e-01 7.256687759713096320e-01 6.880593537555935724e-01 7.835804110003740108e-01 7.985914097481791041e-01 7.791401994923464747e-01 8.149342866449089673e-01 7.419127313911036969e-01 6.559895490601997947e-01 6.474568143978307599e-01 7.906670942636605526e-01 7.683104554465646219e-01 7.434161667612398938e-01 7.046950687356412502e-01
7.140848462906966843e-01 8.031296589797689567e-01 7.926349414430674534e-01 7.014050436928400689e-01 8.080803726072481874e-01 7.569860010366655789e-01 8.373618628820260756e-01 7.785373706489399082e-01 7.441189069565369296e-01 7.213315117816015976e-01 7.096157846468000852e-01 6.650326586497735670e-01 7.725703635880790676e-01 6.717930831352607601e-01 7.694504091200948803e-01 7.368203378205040455e-01 8.535811728423140510e-01 6.533674321334738133e-01 7.977761865353474313e-01 7.453270259793226549e-01
7.388385091469924504e-01 7.493170439039360531e-01 6.692068832183910576e-01 7.529385549371454545e-01 7.438455721836174650e-01 7.928170885065103368e-01 7.447276914876674869e-01 7.747478312921040056e-01 7.837520013005520036e-01 7.210456902807381718e-01 7.482562879694779623e-01 7.531601625960919755e-01 6.717825474005929554e-01 7.718812362939168059e-01 7.918391911142070860e-01 8.121945352368460380e-01 7.329248234696836839e-01 7.608263474729178855e-01 6.883899120964001028e-01 7.980815254142575865e-01
8.032118753690421498e-01 7.269791314905782453e-01 8.317877716189675530e-01 6.805231914323515152e-01 7.510265137824427839e-01 6.347343214033491776e-01 7.834501642396594079e-01 6.761034389697491154e-01 8.241842330321393906e-01 8.263373939158970005e-01 7.921284464101329137e-01 7.563228028964831262e-01 8.607956035677265527e-01 7.520317451477899207e-01 6.936302480359309852e-01 6.460172943569104653e-01 8.029115323852757946e-01 7.232124581512433537e-01 8.733059853982761966e-01 6.502508078309126027e-01
7.572769866151474183e-01 6.953639689511842414e-01 5.547422665170586020e-01 8.554386996688791989e-01 6.776182220531137279e-01 8.182301079097438201e-01 6.538625884297759594e-01 7.853205047082946200e-01 7.074223238216906795e-01 7.111124674752609121e-01 7.841532480412340966e-01 8.203120996284403166e-01 6.188218902884705663e-01 8.212757556192067376e-01 7.717072984322803642e-01 8.395525569944219946e-01 6.364522414595762401e-01 8.433341581619101524e-01 5.927758996337935127e-01 8.329225148360990261e-01
6.368027729382995661e-01 8.279796967403660890e-01 6.053749856841617039e-01 7.855107277379771435e-01 8.084041696417268996e-01 9.332164258689357172e-01 7.956428782097717534e-01 8.939841824530793124e-01 7.042586627702805968e-01 5.987206493911598759e-01 6.565599419094774181e-01 6.687291241832572508e-01 5.491609071682281851e-01 6.895267142399420512e-01 8.848971352533840928e-01 9.294207654024968512e-01 7.709200989197895204e-01 6.957963983075450276e-01 5.820574163882273888e-01 9.199422923108815375e-01
7.278545855580069723e-01 7.533521094039831167e-01 6.582044492076631892e-01 7.749303033572324528e-01 7.558842319304580615e-01 8.209215130845213260e-01 7.518115546205301758e-01 7.898877883052290994e-01 7.315513326311678943e-01 7.047224080070592089e-01 7.408695028389757908e-01 7.374199298053065732e-01 6.664110466639624475e-01 7.569191617882891077e-01 7.848630775870539811e-01 8.118373835933152538e-01 7.481506967192874669e-01 7.496817810201089616e-01 6.647048192370634823e-01 8.126780795464273455e-01
7.362072031560544794e-01 7.856036092725808828e-01 7.931483852059809658e-01 6.662476020388288234e-01 7.798662524160541176e-01 7.455044785584918898e-01 8.175504549101293428e-01 7.516454763003720396e-01 7.827030030905410829e-01 7.433096130589865735e-01 7.293038989067415212e-01 6.856090449091299943e-01 7.710903843227143728e-01 7.137151360985313220e-01 7.798621242814202104e-01 7.533189886462107188e-01 8.051655913248847440e-01 6.759144675457304796e-01 8.210167759074397109e-01 7.309529969156649543e-01
6.824694943217441967e-01 7.982872036247989911e-01 6.912765351359096977e-01 8.115727784633174346e-01 8.007318460972304708e-01 8.099901387961128130e-01 7.994833679322835840e-01 8.390806149339314901e-01 6.578204738605832880e-01 6.660671136861173736e-01 6.945933754310816832e-01 6.891037825575920817e-01 6.953329153457921130e-01 6.547117852394301885e-01 7.786068513372850219e-01 7.802423377919996961e-01 8.248021856761836856e-01 6.836891697569137394e-01 6.824713267818832696e-01 8.155919206344173222e-01
7.682829716554239186e-01 6.905606497025197354e-01 6.169709909035373530e-01 9.200993183276049425e-01 6.847240537187792020e-01 7.373958028382125995e-01 6.720356481319204045e-01 7.772343735590880875e-01 5.876652595712896776e-01 7.353043177595428581e-01 7.922475422394956723e-01 8.084171036599920868e-01 7.440677782962581421e-01 7.413380906647023538e-01 6.754521931984808214e-01 7.058458847876679654e-01 7.160732803376562705e-01 8.064077944080986216e-01 6.588726402941789129e-01 7.599921929858799441e-01
8.981999831707414561e-01 6.458699502239776402e-01 8.176449716997730155e-01 6.082342958229978169e-01 6.494596243125351220e-01 5.896290206561163316e-01 6.980053508020350739e-01 5.711819982327532852e-01 9.396519582823892325e-01 9.184662772819992549e-01 8.821785441725442656e-01 8.428091980937977290e-01 8.754034450413360480e-01 9.097826086964675429e-01 6.811813940212443352e-01 6.563126244238730589e-01 6.674066028679194185e-01 8.267189185090570991e-01 9.182334760629653481e-01 5.920982056361765444e-01
7.031661995317963765e-01 8.383288745986642310e-01 8.566453894300585237e-01 6.146708278371989520e-01 8.485990376404912716e-01 7.398276664571670214e-01 8.902418899917430295e-01 7.683601482389721404e-01 8.567598141203111028e-01 7.298747133036586066e-01 6.862412405927943437e-01 6.370107119034180698e-01 7.780377290092319598e-01 6.619645626616518230e-01 8.074563601552549041e-01 7.468966255421658484e-01 8.971436377429462539e-01 6.156853629046097343e-01 8.509571948128367147e-01 7.345168217348213568e-01
8.779678907029629942e-01 5.764227665280923230e-01 5.518712526162337095e-01 9.004283844528300218e-01 5.499495211585571086e-01 7.006792184299699411e-01 5.398473238721601675e-01 6.704844076985386758e-01 6.530485545616061538e-01 8.283984405457133215e-01 9.062092119480699148e-01 9.281490096283040447e-01 7.442626125941507187e-01 9.242268238098535482e-01 6.413228568199228485e-01 7.183315179902276526e-01 5.327555314574472511e-01 9.496571212568134523e-01 6.616028889139634606e-01 7.121046921220769432e-01
7.456440132466601867e-01 7.173481896078679476e-01 6.108273185619034207e-01 8.737565051972799868e-01 6.940767012813250370e-01 7.732348773547510490e-01 6.863182473332748446e-01 7.958353469343693032e-01 6.417427141442282323e-01 7.105780766021518868e-01 7.675291887096398202e-01 7.856507839848416719e-01 6.941204192414115459e-01 7.466292599588452150e-01 7.354952104642045185e-01 7.718777185381503481e-01 7.000758277933728513e-01 7.929786165212890925e-01 6.533667509615466162e-01 7.922081911990547232e-01
7.363423314456517543e-01 7.869460387516565847e-01 7.723841876007073726e-01 6.391802764659555436e-01 7.739577011633268500e-01 7.562656681734398756e-01 8.078610379137958208e-01 7.500231013579152783e-01 8.643396716139249980e-01 7.424366103198858369e-01 7.284209048920639029e-01 7.030844992402434102e-01 7.252291426617583081e-01 7.481677927342884615e-01 8.173281940594053774e-01 7.985747348530043421e-01 7.776331118692976219e-01 6.991867056797750335e-01 8.015742386173184686e-01 7.520777950367980580e-01
9.040812314702049157e-01 6.203028030890253008e-01 7.498245094708977376e-01 6.576445516383080392e-01 6.231220761288495114e-01 6.104234725290799135e-01 6.521797145389847117e-01 5.796756399804688931e-01 9.317302817960159134e-01 9.100955273643570598e-01 8.975809613818568344e-01 8.831978104594488954e-01 8.273245602120818942e-01 9.436215614520928607e-01 6.820622821497144272e-01 6.840917012008376208e-01 6.191740237723792895e-01 8.759147600604139106e-01 8.508347905504551889e-01 6.236156853226717534e-01
7.614376338689150536e-01 7.838223385355270745e-01 8.735931228198789977e-01 6.136000450322496302e-01 8.085204817850455417e-01 6.904343113526564268e-01 8.539251478089499026e-01 7.045712033957662879e-01 8.452234348814312570e-01 7.913086923038610276e-01 7.434229428577564525e-01 6.808014054971135431e-01 8.402603335450040678e-01 7.148757239220758786e-01 7.456844660340531394e-01 6.860589184886044523e-01 8.633489251677171072e-01 6.551900173260963856e-01 8.883960646970228137e-01 6.764335347776638807e-01
7.969915631601608430e-01 7.152344770155497633e-01 7.992414166373993378e-01 7.709018238928063704e-01 7.637156515202678797e-01 6.458558680914325834e-01 7.750795632319011919e-01 6.971569861640656285e-01 7.335648156693223010e-01 8.129001497230262663e-01 7.947403884175956446e-01 7.669960350272988503e-01 8.668261074883911732e-01 7.254783118339876991e-01 6.459577791295189053e-01 6.053348713505519729e-01 8.396090893116411324e-01 7.314007393329392537e-01 8.139246108722236750e-01 6.637074032322436423e-01
7.503011870898796953e-01 7.270549094907544641e-01 6.850155819990809691e-01 8.914404324559009885e-01 7.361282930936166036e-01 7.219550863286329223e-01 7.307785684332621656e-01 7.818362099684393884e-01 6.012659049474899930e-01 7.335501340932085723e-01 7.663151542718911191e-01 7.562193329935564812e-01 7.893018699946122707e-01 6.864656845038903388e-01 6.656838826921626096e-01 6.637688460266696344e-01 8.073428272148550633e-01 7.474164180877232999e-01 7.014433683667467001e-01 7.409587856562680486e-01
9.274197125408348841e-01 5.934476328786886246e-01 7.641802566594618762e-01 7.237282299386286200e-01 6.368393594312060646e-01 5.780121209963837714e-01 6.479936563707771047e-01 5.582313805610512603e-01 8.702616576760021649e-01 9.373563573741880983e-01 9.243194453771810259e-01 8.975985257815530804e-01 8.891823432493880519e-01 9.309642766336009290e-01 5.982796581834387561e-01 5.914032124465016249e-01 6.766865152314431864e-01 8.828247705820241320e-01 8.367918953013140371e-01 5.929393039235149043e-01
7.867714066341068291e-01 7.080172627161318566e-01 7.316029243668762394e-01 8.224207532871220527e-01 7.169250735725677393e-01 6.832270268727377305e-01 7.297773727917961084e-01 7.288434271585104707e-01 6.555164132730622040e-01 7.805498774501240522e-01 7.940329215395334206e-01 7.691036299773428286e-01 8.306564345438915975e-01 7.275368249016305189e-01 6.589584198327129716e-01 6.473712952201345905e-01 7.800010118137078452e-01 7.541787655168999960e-01 7.723653927512044159e-01 6.929211862700238589e-01
6.414724286851973822e-01 8.430636413020073938e-01 6.912799072357308505e-01 7.456702560828968318e-01 8.428998853227930299e-01 8.589493340187921433e-01 8.402472354856724834e-01 8.709685550108341445e-01 7.523686153300043200e-01 6.287628645140823647e-01 6.501053662080631401e-01 6.589344402211173568e-01 6.192236872018250793e-01 6.487516145949866475e-01 8.624201150971003704e-01 8.640952607072703850e-01 8.317779168193412120e-01 6.559192062799795719e-01 6.643074531531100169e-01 8.683761633728923623e-01
7.142300601533771998e-01 7.878746999314161226e-01 7.277494106222150982e-01 7.249732093558757251e-01 8.000507923357939033e-01 8.111213401775373422e-01 8.055476084147155102e-01 7.863402229374039099e-01 7.634434713071300838e-01 7.063547270938678180e-01 7.187877273559117874e-01 6.844891968184244613e-01 7.033015298041739305e-01 7.197369583093011780e-01 7.884051629402213379e-01 7.874958458985272802e-01 8.186949180295965967e-01 6.938439494598549473e-01 7.139503225343575288e-01 7.949171210879172333e-01
6.818607658000055416e-01 7.437686683050176439e-01 5.326814373082080500e-01 1.000000000000000000e+00 7.516298926303497385e-01 8.687574964752335926e-01 7.028367913959636670e-01 8.851194958672338187e-01 5.000000000000000000e-01 6.266158965008561399e-01 7.217694405133199265e-01 7.531412747156288612e-01 6.253117227028061054e-01 6.739897385652503514e-01 7.295761379230134569e-01 7.903478850935801159e-01 7.650932417724830570e-01 7.694661753737163101e-01 5.112473714909941958e-01 8.833801465135869835e-01
8.591814053861496214e-01 5.883315049471458114e-01 5.678017598415031619e-01 9.767341403401591515e-01 5.782280209303100049e-01 6.784881927703956261e-01 5.598280369033594717e-01 6.980451077521934167e-01 5.513370342500307775e-01 8.126744386087584315e-01 8.909125909339659088e-01 9.071022170295514053e-01 7.942095406764613230e-01 8.461296116373370202e-01 5.877766228750833655e-01 6.467619808332165654e-01 6.072789259072547408e-01 9.154005918556696875e-01 6.569092121196379308e-01 7.006637315878559980e-01
7.011321256946568825e-01 8.087286732304616033e-01 7.609411545844347868e-01 7.130593462334096078e-01 7.918686041035256640e-01 7.759746682224235581e-01 8.255502923705037022e-01 8.011832087802404079e-01 7.278320252777907839e-01 7.004448750319296479e-01 6.991478581376205925e-01 6.684478397002432404e-01 7.418052916477902992e-01 6.691484446379490914e-01 7.935926802752422127e-01 7.714532171318231324e-01 8.248229829663915602e-01 6.611671609220868273e-01 7.807505228123226004e-01 7.652647073294200908e-01
1.000000000000000000e+00 5.197946677378754154e-01 7.583313216962381809e-01 7.800335188260948405e-01 5.236061176784099214e-01 5.000000000000000000e-01 5.608648734068715225e-01 5.000000000000000000e-01 7.441417245537954583e-01 1.000000000000000000e+00 1.000000000000000000e+00 9.451346382015479719e-01 1.000000000000000000e+00 9.658575333090269055e-01 5.000000000000000000e-01 5.000000000000000000e-01 5.961095293331201139e-01 9.373572717109465158e-01 9.058264294784746928e-01 5.000000000000000000e-01
8.650461821500365911e-01 6.414927546676369996e-01 7.670170682933482587e-01 8.077138967306727313e-01 6.749915833643714835e-01 5.850116779157323865e-01 6.871612800887658690e-01 6.379658132103397383e-01 7.214978604830711850e-01 8.727753216238877121e-01 8.670417465824011849e-01 8.449824658127401689e-01 9.079278082079262902e-01 8.004041045557998002e-01 5.871334690703279291e-01 5.630490708725401916e-01 7.487092508220893894e-01 8.137861373027051037e-01 8.285981030476508025e-01 6.124866340426571298e-01
6.037251998622913396e-01 8.539032608077919972e-01 6.055467718043195946e-01 8.321951156749280987e-01 8.598440110413823056e-01 9.347716838018833574e-01 8.266400463414961264e-01 9.312314125574673307e-01 6.947725518927252431e-01 5.706844290269896813e-01 6.261375894929197550e-01 6.551417233405745222e-01 5.392146799626220677e-01 6.318339426887293886e-01 8.775213437652500392e-01 9.086427933167533499e-01 8.437422971850707665e-01 6.701489672582399137e-01 5.425618325131134068e-01 9.457278924775160966e-01
6.010001172094256994e-01 8.745423695598306679e-01 6.787425318770163862e-01 8.168735901248137532e-01 8.832003025658272666e-01 8.906380176523851500e-01 8.709112021200344778e-01 9.251202420304440732e-01 6.638221812609285122e-01 5.846997393638850848e-01 6.146380221601348559e-01 6.188804231701385827e-01 6.199294639633609050e-01 5.743908243200517294e-01 8.428642286596403910e-01 8.375239794092685930e-01 9.158211094908745853e-01 6.194528651388198082e-01 6.166632357989142443e-01 8.957785486912638317e-01
9.240375676277208239e-01 5.893247360557830605e-01 7.588698276833175660e-01 7.703611592490576809e-01 6.143628108997450932e-01 5.618886742166581127e-01 6.340355924456856362e-01 5.729165715915875978e-01 7.735956355588265998e-01 9.286217711481039583e-01 9.244080470888547119e-01 8.934764545726331386e-01 9.219544874787097832e-01 8.951582387059322521e-01 5.716166874447481394e-01 5.634817140875081343e-01 6.685355647917324839e-01 8.742803267761752872e-01 8.527680291438723970e-01 5.766972480326482131e-01
8.642224844545196571e-01 7.026600971939640505e-01 9.172814265872367701e-01 5.814854062868870521e-01 7.236519246396068139e-01 5.556553282271885497e-01 7.867164350265991590e-01 5.896556628001075051e-01 9.311841526603501507e-01 9.091460892624683154e-01 8.367585812192558370e-01 7.722493660719503827e-01 9.467819314930966401e-01 8.088182265052026310e-01 6.661141703366951772e-01 5.899833448326972096e-01 7.981116760562032564e-01 7.342025522838383500e-01 9.890525100957081595e-01 5.610531026634191232e-01
8.796301335504375096e-01 6.518013177037109696e-01 8.102355745797354958e-01 6.806469616746518847e-01 6.798782487453916001e-01 5.833418444833329275e-01 7.079689094309147279e-01 5.983910643094559889e-01 8.780065636723677347e-01 9.000659318241113205e-01 8.695897955296869597e-01 8.392319714225484617e-01 8.873209697042899746e-01 8.581021172080796067e-01 6.457875016441183558e-01 6.141473887525112918e-01 7.220395446638612214e-01 8.122802988299252513e-01 8.811744424976153400e-01 6.034780136992550226e-01
5.000000000000000000e-01 1.000000000000000000e+00 7.409320303085201731e-01 6.740364120117907643e-01 1.000000000000000000e+00 9.764655318526507255e-01 1.000000000000000000e+00 1.000000000000000000e+00 8.077528290494320196e-01 5.000000000000000000e-01 5.000000000000000000e-01 4.999999999999999445e-01 5.220837052272494505e-01 5.000000000000000000e-01 1.000000000000000000e+00 9.695133375289982647e-01 9.995879735092106921e-01 5.000000000000000000e-01 6.329891748110885175e-01 9.779201561884671712e-01
7.049871503961996355e-01 7.813015228279754920e-01 6.617715303386841885e-01 7.226203143064274803e-01 7.608176557054807665e-01 8.527244312980334362e-01 7.661237486109578887e-01 8.070596163287083735e-01 7.688115845392985426e-01 6.795881570820277995e-01 7.157274343836231845e-01 7.063012647455344517e-01 6.272365420084501375e-01 7.555423039165853893e-01 8.448522413003477505e-01 8.769834347106613137e-01 7.240114839373978928e-01 7.267158429455020663e-01 6.765335000621720551e-01 8.380860800167407865e-01
7.166899355222072776e-01 7.887747191768429422e-01 7.502639463564199085e-01 7.347900978224879420e-01 8.108246420895131035e-01 7.585079663892890789e-01 8.177138331294562246e-01 7.830278372600333325e-01 7.879449412941965658e-01 7.211734295951517382e-01 7.167560621252930808e-01 7.068324822699592058e-01 7.316653653359402876e-01 6.949243808389086174e-01 7.701367195910725494e-01 7.472118064089423584e-01 8.467435407376191492e-01 6.925773862926702940e-01 7.392083009743639632e-01 7.709392690575795903e-01
7.476831721982627466e-01 7.388592535950894158e-01 6.938773364972674607e-01 8.002734650531007077e-01 7.550325811214479987e-01 7.669519850304151731e-01 7.513679133385947617e-01 7.675195454401055883e-01 7.005802921280117612e-01 7.330913609331815017e-01 7.589389271561918227e-01 7.430829920560276802e-01 7.359074270417663710e-01 7.356866135161707065e-01 7.271859922586568770e-01 7.357667009905916045e-01 7.821133861576915480e-01 7.436628440354334790e-01 7.006254858045632972e-01 7.676041052591084934e-01
8.104304102353807604e-01 7.334682428331303905e-01 8.738699138722230142e-01 6.567733705996015026e-01 7.700289508050780496e-01 6.293515233366367978e-01 8.088209532583556793e-01 6.585902691549402332e-01 8.268480354851862613e-01 8.416583608665335614e-01 7.944942732972509747e-01 7.309867743521741845e-01 8.987263587200393644e-01 7.463712753794151666e-01 6.742071315697886202e-01 6.129053287679389062e-01 8.471581102669762942e-01 7.002118743938172685e-01 9.014078490820667255e-01 6.274334937401028212e-01
8.377544960786273975e-01 6.982300850908793599e-01 8.353619216664697200e-01 6.810973215756384036e-01 7.095216680258271680e-01 6.224088559702717349e-01 7.566536668748269356e-01 6.430967501186151125e-01 7.855343160989382012e-01 8.569690982980820992e-01 8.258236868716907209e-01 7.656346500956188184e-01 9.033146008265104943e-01 7.844349648411886866e-01 6.578314158236349130e-01 6.154958269576009666e-01 7.780860679772619859e-01 7.442949631194785143e-01 9.003400800270515703e-01 6.127207303645455516e-01
6.483743272061175400e-01 8.699553505092119110e-01 7.941663316120186611e-01 6.523922968758416596e-01 9.160387947708673595e-01 8.297436697408164807e-01 9.166786729311077186e-01 8.311932357446751851e-01 8.782863035322168166e-01 6.657052446447980776e-01 6.416127874002108822e-01 6.227738986347390870e-01 6.670510652912823302e-01 6.431962136315663159e-01 8.557368408105322510e-01 8.156851294579616773e-01 9.385571409795840925e-01 6.087504176649212173e-01 7.226927815518634501e-01 8.341497277019664924e-01
8.329143061270746218e-01 6.339006724553390981e-01 6.264582297729779370e-01 8.938330711589400623e-01 6.409872679119839045e-01 6.849300047924066215e-01 6.270221303641623223e-01 7.029771194033685999e-01 6.564023428209243560e-01 8.047971819812986816e-01 8.541102263206779011e-01 8.680378527339993600e-01 7.797773751191799940e-01 8.250266755944004604e-01 6.360778756309125592e-01 6.703768968923811133e-01 6.656660743278041137e-01 8.657549422136949779e-01 6.875677898551382228e-01 7.110011546992476283e-01
8.806399529762978240e-01 6.376363499368987720e-01 7.959037752232915874e-01 7.627401004271597840e-01 6.933540363494331560e-01 5.699316735303856518e-01 7.034878176188875676e-01 6.085569903592842333e-01 8.027513699471724440e-01 8.997568551638241985e-01 8.766769711125740328e-01 8.545958639153514724e-01 9.141831425578108572e-01 8.277868664427870948e-01 5.876870638220472731e-01 5.533198418145711672e-01 7.671085966805302192e-01 8.184671979409458009e-01 8.439177005242637364e-01 5.993653026805964013e-01
6.452550579896724203e-01 7.831609977101049447e-01 5.270865615005131399e-01 9.654017686448368440e-01 7.693341881604400800e-01 8.984803357033428473e-01 7.299983272657332156e-01 9.218887200095242651e-01 5.410889745914106985e-01 5.904773686187416715e-01 6.817598247188499938e-01 7.306449682726038342e-01 5.740328068560953678e-01 6.534649764469602218e-01 7.953699643390756968e-01 8.541796876256505522e-01 7.638001575166721846e-01 7.461521827531616413e-01 5.084093139530941885e-01 9.179017489254615025e-01
6.918391593146515639e-01 8.088096683207190996e-01 7.197711377378993580e-01 7.073834699670265014e-01 8.070222052358542175e-01 8.075662800706692179e-01 8.192434007541352647e-01 8.110737929158396975e-01 8.044314332394645328e-01 6.873507933664646519e-01 6.930715350671129427e-01 6.946331050915668381e-01 6.672720612491787051e-01 7.039184812771489552e-01 8.337670815486013520e-01 8.275821413029113005e-01 8.051604631352686781e-01 6.892418027633677724e-01 7.184490338835095580e-01 8.127246006002808443e-01
9.201931022632463542e-01 5.788671008419172814e-01 7.193129451815764019e-01 8.348435579116708638e-01 6.022277968303362261e-01 5.712197245950126900e-01 6.119149903964313797e-01 5.920760265073086170e-01 7.114834487493165716e-01 9.150416012117023046e-01 9.278021003161479596e-01 9.045829400163014622e-01 9.164434837445436521e-01 8.824770520948506114e-01 5.478488981236988575e-01 5.500836961502642009e-01 6.690224023542691301e-01 8.907741363785103283e-01 8.106958960317385277e-01 5.892690733176764173e-01
9.744263320996126021e-01 5.000000000000000000e-01 6.216273529818647781e-01 8.661260814472160341e-01 5.000000000000000000e-01 5.772449683118074937e-01 5.000000000000000000e-01 5.538125361072676611e-01 7.020879190055033803e-01 9.439992803180566883e-01 9.937913289048481147e-01 1.000000000000000000e+00 8.663068106972771076e-01 1.000000000000000000e+00 5.474353474386560725e-01 6.035418956225202525e-01 5.000000000000000000e-01 1.000000000000000000e+00 7.640588593157716657e-01 5.968002958138212133e-01
8.947967021317475567e-01 5.663181293941897954e-01 6.140284456924303136e-01 9.546998948208572644e-01 5.714890866970502303e-01 6.145653180958143835e-01 5.602539834439907995e-01 6.512580801438430100e-01 5.893546044459579969e-01 8.628454690309663722e-01 9.195359609169333481e-01 9.322251887267840598e-01 8.554780582041502379e-01 8.625524082021512884e-01 5.474024817522011865e-01 5.856482740936912457e-01 6.199394691064253893e-01 9.253167588734672044e-01 7.120457218711638836e-01 6.457184028435312140e-01
7.143724105258368873e-01 7.504738304461900933e-01 6.200826872491387309e-01 8.461264271848861762e-01 7.351394525189214324e-01 8.258738702109721386e-01 7.266932112264526955e-01 8.215867039321408383e-01 6.392875714867157777e-01 6.790299749687664921e-01 7.355272230181197912e-01 7.390503214327134307e-01 6.646931462814313907e-01 7.242005892972185332e-01 7.690910428495629780e-01 8.064574385192181394e-01 7.343929167616275455e-01 7.536408983318595434e-01 6.374191965436851737e-01 8.248500855845539714e-01
7.905068248129194508e-01 7.247345743599288292e-01 8.064303264099481616e-01 7.907696673047371894e-01 7.584917167661521242e-01 6.653260291594578213e-01 7.782214260943651762e-01 7.081454817232704091e-01 6.563139164489669719e-01 7.999099169021325340e-01 7.902130893743593010e-01 7.233470493082591046e-01 8.970007134019994943e-01 6.976945047269994538e-01 6.248725699270103462e-01 5.852197664588590920e-01 8.646546781936692572e-01 7.061503662068464582e-01 8.208911833716632245e-01 6.568753513611800265e-01
6.368084682342464165e-01 8.183424597053108318e-01 5.844879864979870554e-01 8.309526041839241373e-01 8.103507014365962657e-01 9.194013009763811750e-01 7.819322832979667126e-01 9.011874077781460990e-01 6.976389973110793674e-01 5.974725821224226019e-01 6.608665221698906134e-01 6.919322129168379298e-01 5.443028893660877277e-01 6.825374510084414315e-01 8.661531777994760928e-01 9.116188684521283614e-01 7.788335226329533567e-01 7.128808404604807247e-01 5.510177124203954335e-01 9.270833182843490894e-01
6.337901162963808233e-01 8.716130398033165028e-01 7.443304999761161111e-01 6.865350076706664417e-01 8.611458167208063674e-01 8.563158400063713982e-01 8.812308021824838411e-01 8.663571063842753217e-01 7.768199127354591393e-01 6.313310914785259520e-01 6.326285744629003283e-01 6.178113538524085957e-01 6.459429209543725570e-01 6.300761639524242730e-01 8.798620467173822179e-01 8.621729912715542232e-01 8.666369396356368160e-01 6.150330656652855943e-01 7.206493653343958306e-01 8.483736411618812978e-01
9.567775893018015676e-01 5.782964106635003487e-01 7.906604220111185244e-01 6.619435991092250671e-01 5.921753381414994744e-01 5.528519390701602809e-01 6.299235792040287496e-01 5.198603528078953318e-01 8.956572057559190059e-01 9.688643004021034733e-01 9.475088207102198012e-01 9.009681363602427551e-01 9.189731674888566015e-01 9.687675486953646331e-01 6.064189014653535992e-01 5.983781922899567007e-01 6.189931820860613554e-01 8.913308535538724264e-01 9.073744225017676968e-01 5.528857297404106141e-01
8.699283638427666165e-01 6.502910162553369178e-01 7.652345155218994721e-01 7.100298473652468800e-01 6.466343067666492361e-01 6.311605782289975153e-01 6.841488875273583625e-01 6.235568804073849947e-01 7.882782421953433705e-01 8.721450987667133115e-01 8.662902710092219571e-01 8.241013645947432575e-01 8.661623986193615066e-01 8.578892088574232577e-01 6.551434508755330510e-01 6.472731637441981878e-01 6.828202472610463980e-01 8.176480331731575957e-01 8.560809453816913273e-01 6.235985650482044340e-01
6.589011501569360663e-01 8.803969418302926009e-01 8.470237069030969179e-01 5.861253244671370544e-01 9.054962345129617951e-01 7.934502277294729344e-01 9.330105278448389550e-01 8.077044125706465127e-01 9.228263268354270910e-01 6.876368662410459187e-01 6.416336022779113302e-01 6.100727421448755017e-01 7.035507182693423456e-01 6.446637908869488065e-01 8.707903548761475321e-01 8.114252986939424206e-01 9.307841771066620584e-01 5.891339650769225056e-01 8.035254851990345504e-01 7.950832660743387681e-01
7.628763541973166973e-01 7.489757428740657641e-01 7.420370765462653839e-01 6.706917378208158143e-01 7.662318093665715368e-01 7.670717193378190357e-01 7.786866292455172367e-01 7.258140372257373407e-01 8.541584617013319169e-01 7.627558970195512655e-01 7.615090761780614059e-01 7.377366021264536444e-01 7.179082338266350449e-01 7.939684131950784929e-01 7.828993116493834226e-01 7.821417847863464390e-01 7.626254497470533744e-01 7.397523335654943022e-01 7.536828590840323194e-01 7.568303618801283106e-01
8.707031980860688858e-01 5.924537407373267062e-01 5.892599202124726432e-01 8.967752337941685692e-01 5.635970861539403298e-01 6.807901013194553874e-01 5.633742690745440207e-01 6.739233540029432312e-01 6.278455127711588535e-01 8.280320176993449799e-01 8.950506556158671634e-01 9.014462279556576529e-01 7.840573449979306719e-01 8.856176999906945069e-01 6.277425573048724949e-01 6.869558057390480199e-01 5.703493773506320696e-01 9.165654120139620220e-01 6.992685738790218597e-01 6.908613453183674036e-01
8.785708404634776647e-01 6.052635411394673426e-01 6.570852802557316519e-01 8.200203531787702005e-01 6.065422804241304977e-01 6.299301610223733139e-01 6.073340669388528346e-01 6.419668914096187118e-01 7.677801947379243597e-01 8.619182751800155140e-01 8.906232992911300439e-01 9.114997435421583472e-01 8.014755303104007522e-01 8.920310783976559410e-01 6.413571342023234312e-01 6.679091677096660185e-01 6.122276122797969400e-01 9.011120401149710357e-01 7.508229073304528711e-01 6.653864333611532178e-01
6.069198182219669446e-01 8.767608714889691957e-01 6.830625223172316351e-01 7.527754702384242824e-01 8.879140790892714463e-01 9.027721155754537818e-01 8.746786856411933320e-01 9.070918311384366106e-01 7.664347553371582134e-01 5.942286814328077149e-01 6.164645032212280329e-01 6.263128971238871578e-01 5.821796523029403314e-01 6.195391975630691883e-01 8.855662552992086267e-01 8.851006588792894592e-01 8.894354309362719757e-01 6.310721037311683990e-01 6.187813045084605834e-01 9.088941832148890176e-01
6.927637993212099055e-01 8.320767296670275037e-01 7.939254431208228047e-01 6.214643085203775952e-01 8.336524871694377392e-01 7.977527470331499115e-01 8.636380747680796333e-01 7.875909406815615466e-01 8.572686301189317293e-01 7.030961824792337778e-01 6.835969341286322054e-01 6.483251198377241176e-01 7.036267381077097038e-01 6.960734172307618817e-01 8.475482797145944547e-01 8.194721804870153115e-01 8.389857181494814187e-01 6.427719084786628345e-01 7.893507238097569045e-01 7.853314181356099155e-01
7.518476252910539781e-01 7.925870188911896541e-01 8.484568292193728212e-01 5.661624842479197062e-01 8.458749344201716980e-01 7.290943747607854242e-01 8.640206741441571747e-01 7.035601390833039481e-01 1.000000000000000000e+00 7.844173549963618930e-01 7.338053096222103555e-01 6.987883753618172600e-01 7.498227517351031546e-01 7.664815914461839963e-01 8.044712414012984425e-01 7.564872116127776547e-01 8.603084594598120471e-01 6.792307300766267097e-01 8.241600401358062378e-01 7.324511062818988005e-01
6.308955996185139359e-01 8.228032138339779200e-01 6.215351480536315254e-01 8.880909209262172199e-01 8.238748490418894566e-01 8.621854225142152606e-01 8.001531284405277722e-01 9.122182038457891107e-01 6.039392246463348712e-01 6.007159561832812189e-01 6.539763823978405055e-01 6.863761782083580565e-01 6.198271064353991777e-01 6.075343935023744812e-01 8.085838677122600959e-01 8.268128394023491756e-01 8.346450677142516206e-01 6.805311175703449011e-01 5.904179334048795802e-01 8.871271791554653507e-01
8.241933262242611136e-01 7.000016547989543758e-01 8.032546698669030816e-01 7.016057182198651709e-01 7.341188079362287455e-01 6.525090634544252755e-01 7.561617356681225033e-01 6.589872121714486219e-01 8.126474652433713919e-01 8.394427844776397585e-01 8.178160409339824133e-01 7.766152598865084800e-01 8.524051715777513083e-01 7.937505203000831955e-01 6.730023581832548230e-01 6.427533347255224294e-01 7.847014058732114661e-01 7.565787647513706471e-01 8.371698070653869062e-01 6.544848978328834388e-01
8.743919656027653309e-01 6.324708774723416527e-01 7.454099739384558720e-01 7.700498966694517833e-01 6.492663786260811642e-01 6.150967350457019478e-01 6.676297742239922783e-01 6.269603538823996791e-01 7.504078424000822922e-01 8.740762723617256924e-01 8.767533377096448088e-01 8.497497994191408610e-01 8.735644054173118400e-01 8.477050706071022068e-01 6.197258741948709071e-01 6.151330055320266554e-01 6.916613066691246203e-01 8.339186135585904269e-01 8.237271540718804630e-01 6.255920851163239149e-01
8.214592922609843528e-01 7.066231474971720328e-01 8.069405935724435208e-01 6.670606791687458959e-01 7.148869523022499672e-01 6.458772350016186437e-01 7.512644310546564563e-01 6.598804220737413129e-01 8.355881814931356288e-01 8.364516079637190904e-01 8.121643895022054860e-01 7.746180986361277387e-01 8.433595306148240489e-01 7.976794037915442281e-01 7.042487545204070276e-01 6.742641137788349948e-01 7.455170110019749830e-01 7.537462851620725379e-01 8.689066686148340102e-01 6.513753260877039875e-01
9.274223986474782189e-01 5.626493831112664434e-01 6.720238352925916869e-01 8.315264882661238532e-01 5.351086894752585810e-01 5.817713386452347812e-01 5.598116989046676428e-01 5.965193701654366576e-01 6.881333438542341918e-01 9.057933866384069166e-01 9.388378830090753357e-01 9.256001508751572349e-01 8.843882377834241248e-01 9.153772762137193375e-01 5.825413360446964894e-01 6.110828837014921078e-01 5.613920216491411486e-01 9.229055727590618208e-01 8.175590219163605399e-01 5.971783403528602152e-01
7.545651985787098504e-01 8.243538540166630568e-01 9.796868018559767854e-01 5.406235588986546547e-01 8.964714394139770004e-01 6.454877198656306936e-01 9.398963241014975933e-01 6.814121695487163066e-01 9.810413394494441608e-01 8.183272760601070228e-01 7.209146904923950938e-01 6.418280522398160937e-01 8.897649079112668336e-01 6.790998285491522957e-01 7.372759861010169669e-01 6.250766935589202600e-01 1.000000000000000000e+00 5.986245758692825270e-01 9.412382308558551181e-01 6.465293748988159006e-01
