1.487746630222318844e-01 1.235658625288270224e-01 8.551297028645948872e-02 2.736462269594754082e-02 1.650052006685469308e-01 1.537010499214163939e-01 3.810547437295070533e-02 1.236470067997549049e-01 6.672619866625553731e-02 1.374939825557992268e-01 3.316559777583517193e-02 3.276466735000967828e-02 8.114387273287101965e-02 5.279613006242792062e-02 1.499236038572451801e-01 1.467637997387638005e-01 1.180246578806745106e-01 3.485948464246668016e-02 1.497979657832469169e-01 4.296537276360448687e-02
1.074395671872544478e-01 1.667977765588199990e-01 5.795520597426381121e-02 3.854120175805963305e-02 1.375964159754805016e-01 1.178591427043617773e-01 7.108016477098827446e-02 1.609759309034245467e-01 1.119466164705654743e-01 9.743221431064140459e-02 3.344606738035959398e-02 5.869561499685407163e-02 1.338240122899736206e-01 3.378516394709688703e-02 1.090009107733946464e-01 1.434154546632520066e-01 1.154913762995751075e-01 5.978049766869379666e-02 1.733790808407951189e-01 7.654765108698088905e-02
7.178929453586863074e-02 1.195929452877016602e-01 8.843167726373826754e-02 1.156108424566321680e-01 8.009749787891022599e-02 7.092998608943404393e-02 1.234426815163711666e-01 1.215463059019104980e-01 1.310117075573520862e-01 6.689711523240171598e-02 1.185695368780911446e-01 1.174258070585955382e-01 1.318882817582144318e-01 1.032872606769541374e-01 7.144932477477450306e-02 7.693426105772180335e-02 8.683396454535760589e-02 1.162715875544473310e-01 1.057348579775855002e-01 1.241016865522202306e-01
1.388749791706010983e-01 8.104331903971082052e-02 5.834221370479170804e-02 8.799147185912942204e-02 1.170891500538314284e-01 1.241404205224064528e-01 7.583031110409631237e-02 7.645366904804201669e-02 6.775763935487383316e-02 1.005378136405601780e-01 9.344567659042916918e-02 8.157441777589871656e-02 7.847159307158509123e-02 8.058841648603472241e-02 1.171208632176209963e-01 7.605988575620697967e-02 5.673050642006663424e-02 9.369587581421263967e-02 8.375528121896910760e-02 8.208529516033982731e-02
5.166832255497602611e-02 1.211571533985748017e-01 1.237357192823292373e-01 1.323080420138854907e-01 6.653836780198355005e-02 5.709362564296894399e-02 1.388371122055425122e-01 1.244656815478439593e-01 1.453308009422104585e-01 6.181880021150137211e-02 1.341432888618475927e-01 1.242622910900663541e-01 1.400361624508875968e-01 1.366425825702238805e-01 6.068071356742015671e-02 7.586416253910685525e-02 9.904172187853073350e-02 1.214294874347936898e-01 9.854603542457171517e-02 1.351687440374830795e-01
8.615305564608571887e-02 1.527446485395584086e-01 5.492797922559935347e-02 7.918768706315428008e-02 1.037842257617203195e-01 7.943482149806950499e-02 1.024759357386107600e-01 1.535517493581212978e-01 1.312976956274948537e-01 4.850759363775505872e-02 7.140752943076547621e-02 8.869770587763617375e-02 1.474584303880106528e-01 5.424503308115522643e-02 7.851328885350036813e-02 9.752738846420949681e-02 7.081576105370757102e-02 9.447583771761614013e-02 1.441384422127327536e-01 1.038668456786873140e-01
1.279694396617131469e-01 1.152190434109039985e-01 1.484916936552221900e-01 4.943779689994328569e-02 1.529169592349143292e-01 1.279719661762882543e-01 5.205124930632662461e-02 1.292042569472657831e-01 8.269535455325152662e-02 1.259506572580476880e-01 5.700880956646947606e-02 3.544943803362030077e-02 8.378056297390838736e-02 1.049790438599843417e-01 1.418545001897334457e-01 1.376083133295105121e-01 1.170570584564549071e-01 3.251763643015329747e-02 1.356007123344646070e-01 4.762885848757290180e-02
9.092410172860956874e-02 1.206031654575614315e-01 1.370894102712624518e-01 8.397473485465350995e-02 1.141679184811865422e-01 1.067307605701463269e-01 9.187359623774603301e-02 1.224527422629521078e-01 1.091785725009125352e-01 1.209323196386702937e-01 9.195355388106785099e-02 7.983609656417446632e-02 1.070806567137280035e-01 1.202770570037374614e-01 1.084318207086321234e-01 1.227306755204697480e-01 1.394842942695649346e-01 7.293330074351231374e-02 1.221616362647087867e-01 9.103422092401970700e-02
1.337479566110926221e-01 1.393161759882970696e-01 8.102457590287424904e-02 3.146481834641708802e-02 1.565977486706364996e-01 1.361775170418700331e-01 4.897868697065142080e-02 1.411312829758529508e-01 8.522622066709009681e-02 1.107891906031529400e-01 3.268370876655088408e-02 3.922413843682245188e-02 1.010660426408903495e-01 4.619337417009840296e-02 1.344506107324995314e-01 1.427751798775254433e-01 1.015214065532108190e-01 4.158496322687869201e-02 1.603786701025738670e-01 5.206092029696039736e-02
8.259276964610517968e-02 9.811154882984066128e-02 1.597065124745608578e-01 1.090629272301817942e-01 9.899365708762462857e-02 9.414273782987647721e-02 1.050126234597961034e-01 1.056688476937589355e-01 1.110272730738667418e-01 1.154236379023993175e-01 1.222872118820857029e-01 9.605817033785153669e-02 9.884171470649476265e-02 1.503537457708168379e-01 1.013784106123317291e-01 1.017247302519616176e-01 1.273305776448762361e-01 8.678040425566044269e-02 9.688367411683490582e-02 1.015085306401818377e-01
9.883177593620254275e-02 1.419841707568800238e-01 1.304417693023185998e-01 6.093377143760664999e-02 1.305816142941503000e-01 1.047331069939629600e-01 7.746174683621996626e-02 1.492691357539803199e-01 1.119279446392009991e-01 1.085534948596341281e-01 6.118314661202546578e-02 5.551718808672932715e-02 1.182267341934128413e-01 9.976891635722687224e-02 1.140860075876406476e-01 1.347004061853362411e-01 1.316825945062055636e-01 5.213705097634459273e-02 1.449890414701549557e-01 7.415610543517757447e-02
9.392256966786702299e-02 1.345233356238475786e-01 1.810072133928183891e-01 5.904446004203197512e-02 1.372616853389405089e-01 1.218846763547954820e-01 7.319240318803646450e-02 1.395294729102799780e-01 1.058793467264274729e-01 1.586353029719943519e-01 6.927691916682418571e-02 5.229151908284893069e-02 1.014053940232528678e-01 1.352244135795133972e-01 1.300353360795039603e-01 1.619035413862788542e-01 1.883337734407982689e-01 3.734604883976185702e-02 1.440448930949266293e-01 6.962667463267535606e-02
9.404000946796231553e-02 1.539503160329601383e-01 0.000000000000000000e+00 7.325705768884537006e-02 1.060287741606964068e-01 7.148615820705281343e-02 9.979208756014844306e-02 1.606203798053452703e-01 1.341057579108430875e-01 8.714219771045861318e-03 6.723593962503457422e-02 1.010793031632288008e-01 1.534255996007723444e-01 0.000000000000000000e+00 6.988665729889206868e-02 7.797221892743323723e-02 5.615123571143146308e-03 1.070725433028754670e-01 1.578571790989613532e-01 1.047307347096172458e-01
9.841431656331903199e-02 1.234247135187044042e-01 3.032142994921824264e-02 9.062570307025541450e-02 9.937533383040639268e-02 8.648314011204022433e-02 1.024325865972999655e-01 1.232990598013018746e-01 1.162778502269871950e-01 5.136696735728094737e-02 9.297010197484105454e-02 1.091340909233965428e-01 1.270377723729435304e-01 4.302432305152043696e-02 8.084824993877927357e-02 7.578817269877022311e-02 3.895095066903155739e-02 1.120115945290109105e-01 1.244980564896386449e-01 1.088411256322262544e-01
1.756380177433837231e-01 6.144135089233146441e-02 1.071547590174172365e-01 5.259483635060138718e-02 1.618021049581490067e-01 1.704378859749234032e-01 3.121707363497863708e-02 6.212763648352276347e-02 2.883216395725686498e-02 1.636249209193993970e-01 7.039692670921886275e-02 4.027874392103254764e-02 3.193098821343211269e-02 9.408307329566616140e-02 1.685193212415428410e-01 1.163174722523511728e-01 9.264738017407785076e-02 4.434243142310349134e-02 9.209764163291475625e-02 3.677108116479462646e-02
1.824211510356179566e-01 4.948483406009195062e-02 1.287114261414821770e-01 4.920969696392885756e-02 1.716827632242033386e-01 1.752242612214007234e-01 2.199618588665679109e-02 5.879578732793870610e-02 2.175612565351785210e-02 1.671022928990455458e-01 7.304003917528957557e-02 3.306811130476911692e-02 1.728592468368217450e-02 1.014083557007501857e-01 1.799055362065446473e-01 1.188733946020102683e-01 8.715444217059799270e-02 3.336317596073098968e-02 9.228300258597524341e-02 2.506574072876238679e-02
9.409324068287802656e-02 1.126488601490543695e-01 4.903296146811640666e-02 1.042373937511777426e-01 9.125146285319021833e-02 8.025005870676060749e-02 1.090717254131258196e-01 1.147612541758264298e-01 1.164974060723759780e-01 4.989346286445069112e-02 1.070034971431495091e-01 1.131374351235431008e-01 1.233322452453377155e-01 6.602625779878074086e-02 7.753654164273313110e-02 6.604951088995980601e-02 3.586003332696727913e-02 1.171178573774474818e-01 1.085328067670035534e-01 1.130391038195323328e-01
6.492892282928361403e-02 1.460054628518587527e-01 1.144660958505477610e-01 9.061208808845692964e-02 9.791175193958101541e-02 7.940753270959882704e-02 1.122274645927311826e-01 1.496137876927614574e-01 1.398052498213842032e-01 8.717821598318485632e-02 9.433687274336324813e-02 9.958900168564369104e-02 1.400946918950338183e-01 9.953419217715538114e-02 8.163568752246007365e-02 1.157617066831067298e-01 1.255865258186467104e-01 8.959558118461599663e-02 1.405263648585873548e-01 1.115215339357705504e-01
9.973567874992900206e-02 1.337983873897065357e-01 1.109146537656681836e-01 6.995167257701014052e-02 1.207232886736769317e-01 1.169260677883302568e-01 8.430314072882975907e-02 1.258136146339176864e-01 1.042509146490412791e-01 1.285814658720941805e-01 7.249747526608954495e-02 7.219748308866706654e-02 1.128126399031222915e-01 9.955588460018720276e-02 1.112632962380198098e-01 1.321712807935488398e-01 1.415726484507440208e-01 6.917247421568133159e-02 1.312173661611546194e-01 8.733842712117757812e-02
9.733173322457847054e-02 1.346954653392598011e-01 8.006809491588194605e-02 7.787637914939833650e-02 1.127561541822161700e-01 9.256713906880628673e-02 9.177213215597358753e-02 1.377983993382492778e-01 1.161474409635447208e-01 7.011082683090202883e-02 7.631157566974305917e-02 8.160266787714644254e-02 1.263737670054120854e-01 7.194970858609187059e-02 9.367192112270544824e-02 1.020256597392202036e-01 7.374891898384035305e-02 8.421563746364914282e-02 1.336859537766103556e-01 9.245511096457195710e-02
7.189118975712213699e-02 2.000000000000000111e-01 7.285611967134247857e-02 4.296188205607995303e-02 1.248767334748092928e-01 8.741224887926360432e-02 9.135777709916698130e-02 2.000000000000000111e-01 1.503741469005727971e-01 6.793343492873281375e-02 3.333238593933397081e-02 6.856745649566242662e-02 1.698318751048634723e-01 3.449939551930735621e-02 8.500300590630187336e-02 1.510621062825478478e-01 1.213255938365302988e-01 6.337951629318139268e-02 1.999860654998778520e-01 9.245455628333365539e-02
8.104798704752977367e-02 1.028614040971297522e-01 6.281882621644903353e-02 1.287372159782061987e-01 7.308674089602186508e-02 5.717974474298231219e-02 1.263357958825401528e-01 1.118877318282026634e-01 1.276530849011002777e-01 1.994851776153239165e-02 1.292845373106900897e-01 1.246971546019668975e-01 1.291833138552356264e-01 8.878810651844289137e-02 6.209608759983016590e-02 4.100975448858518863e-02 1.429719578106436462e-02 1.324279453560833486e-01 9.009946515154908242e-02 1.253945727655539910e-01
1.644617466339417244e-01 5.489170041869727290e-02 7.639125528723064718e-02 7.756514738949650545e-02 1.373207299716578400e-01 1.506294516169640330e-01 5.315337543689879068e-02 5.401409026824923604e-02 3.954851236864506681e-02 1.268230044337955997e-01 9.202831552443599405e-02 6.627000674783029011e-02 4.400608897190556867e-02 8.699311164227262194e-02 1.442594202499896672e-01 8.327510943648561148e-02 5.647766221098301370e-02 7.665678156976517277e-02 7.523394046895284792e-02 5.970673430350903477e-02
2.000000000000000111e-01 4.324285821650562800e-02 1.474505519163962219e-01 3.930566922187829493e-02 1.842514636139487294e-01 2.000000000000000111e-01 6.773466942485734110e-03 4.435323885770747765e-02 0.000000000000000000e+00 2.000000000000000111e-01 5.978949290423380553e-02 9.135142034495988272e-03 2.016952438858438112e-04 1.218222046491250904e-01 2.000000000000000111e-01 1.352945060017773649e-01 1.214983674936720992e-01 1.641890228418844966e-02 8.217169463478551927e-02 9.636157844857121124e-03
3.071920895009508379e-02 1.250559198043149911e-01 9.571554931149127421e-02 1.481791618349601047e-01 4.637597600538689857e-02 4.030940581802260059e-02 1.607242992140702764e-01 1.259627527787633428e-01 1.645658241491881890e-01 4.818780295574971728e-02 1.554034868156848326e-01 1.600579825244257959e-01 1.553417607190367145e-01 1.195287152159221489e-01 3.864385223621398524e-02 6.231874531628917024e-02 8.827215190701344361e-02 1.489533303616202842e-01 1.017582470353670943e-01 1.614537406959124788e-01
2.811910633609460142e-02 1.139502019372433811e-01 4.786813502890827077e-02 1.782654726766806363e-01 1.649978519961252388e-02 1.730137711375016873e-02 1.833475121900744464e-01 1.070008703659668103e-01 1.684185651198561451e-01 1.453044244092643877e-02 1.768204490916105154e-01 1.856255519169726365e-01 1.679667069279761060e-01 1.161825383166105868e-01 1.265611790693688121e-02 1.564846979951617367e-02 4.206475900000510720e-02 1.868111567710769305e-01 6.717690293188685602e-02 1.867284370470350119e-01
5.271099279546749561e-02 1.668447666129645457e-01 1.300237893140100409e-01 8.242949964843865329e-02 1.016905300295165154e-01 6.763361838333689646e-02 1.132914548029458068e-01 1.767946889892147433e-01 1.563929698851783678e-01 7.392468308791305676e-02 8.280078913815494546e-02 9.104612143157253534e-02 1.561674532737289400e-01 9.824324016393327919e-02 7.739505682690901722e-02 1.279866457696912929e-01 1.318073032967287672e-01 7.831600598474143526e-02 1.619577458031123962e-01 1.086558960500559334e-01
9.504060094720725993e-02 1.487813285555686649e-01 9.774998501706667897e-02 6.090409648011935184e-02 1.248209602352785136e-01 1.094880843108092250e-01 8.358505808718098840e-02 1.469723176252448749e-01 1.151826223826709766e-01 1.048037493400118675e-01 6.168525667378350896e-02 7.034431910418481593e-02 1.251754450389351847e-01 7.506969363612835122e-02 1.058459135959287090e-01 1.349660301074794566e-01 1.274110200997897735e-01 6.685920283037086187e-02 1.524631305653260105e-01 8.557079749626510246e-02
5.415670508833694829e-02 1.306085355653941460e-01 5.503759840175009854e-03 1.405957716623474907e-01 4.577391354226822973e-02 3.020546451315815617e-02 1.551602471952251150e-01 1.295808192148261984e-01 1.578868883880353569e-01 0.000000000000000000e+00 1.350403725728445692e-01 1.589760076778359288e-01 1.687990295404859231e-01 5.801336945394561240e-02 2.772146990689043633e-02 2.727510655996362443e-02 1.583757399591452508e-02 1.645677637466033127e-01 9.965822177879440913e-02 1.603519413427840212e-01
1.104885828173056417e-01 1.054792360653328681e-01 5.586454901963039399e-02 9.275038629399968981e-02 1.063213633914678602e-01 9.569207552773037473e-02 9.325464106076931936e-02 1.089416552601549237e-01 1.015639658892003167e-01 5.499689726291425579e-02 9.650796291985985764e-02 9.660616381175043954e-02 1.083005608189706037e-01 6.356327347135712347e-02 9.317861218080039643e-02 7.345421445026351082e-02 3.055981080856552679e-02 1.033671411484069075e-01 1.105345944074074549e-01 9.642175675232733667e-02
9.828168099344042341e-02 1.315853245003807959e-01 9.912281989715016062e-02 7.048807037803656028e-02 1.232544589494328907e-01 9.583430599054731935e-02 8.421093896914140509e-02 1.441680933595107794e-01 1.154777155273724459e-01 7.370637370614407935e-02 7.551897084999509291e-02 7.596527393093099878e-02 1.179680685739223772e-01 7.193544687667326187e-02 1.029027283642308527e-01 1.113398314006231044e-01 7.921008856931684161e-02 7.216698661235101953e-02 1.446708864563174823e-01 8.275473658246410014e-02
1.245909395904262612e-01 1.381334622611197216e-01 1.277711417551597450e-01 3.401202063598039727e-02 1.569662780609081543e-01 1.435964276475235613e-01 5.076062936455391639e-02 1.384832395554721485e-01 8.499345691661290558e-02 1.476777568020112841e-01 3.844602574488442670e-02 3.289568865743606324e-02 9.429394680010352858e-02 8.574460517993724717e-02 1.431998157113658077e-01 1.631021882849957860e-01 1.625548163816040725e-01 2.998499012570142452e-02 1.559392155227123655e-01 5.142809132596654065e-02
6.031037584806175217e-02 1.668965145080333889e-01 6.522267053963336225e-02 8.766875468543924854e-02 9.119216332239961365e-02 6.276988837820246525e-02 1.195922754895163975e-01 1.700007706900301396e-01 1.546411619046240138e-01 4.259256549876794251e-02 8.175005094495037261e-02 1.052962050518596177e-01 1.657666893173530553e-01 5.902910873709602685e-02 6.261985114915591399e-02 1.016412420031729963e-01 8.669879829364951496e-02 1.029972437216807729e-01 1.555180069093672901e-01 1.201287992129501242e-01
1.464533596348406574e-01 1.574538794009366915e-01 7.482298027621081538e-02 1.082149090139303271e-03 1.802050957616218585e-01 1.491280626814935895e-01 2.806838657909674350e-02 1.621411197030165896e-01 8.022896856854437597e-02 1.193995201955838498e-01 0.000000000000000000e+00 1.454405797329290373e-02 1.023555005029340992e-01 2.083766198948273918e-02 1.494939445433167147e-01 1.670173960022751647e-01 1.131534745451740626e-01 1.624851320583095560e-02 1.881901166950616933e-01 3.132058548195741643e-02
1.296350372505297166e-01 7.011404313147059919e-02 1.156606919617961665e-01 9.297940482050984223e-02 1.214677556176217005e-01 1.174651641630049398e-01 7.484650836685659281e-02 7.956182075442017054e-02 7.285922683793184806e-02 1.096825361768878904e-01 1.082093465749922739e-01 7.950751058108462832e-02 6.738963879577719585e-02 1.137933559163591679e-01 1.247381957262063412e-01 8.332387810456771959e-02 6.595061301128445075e-02 7.977758154791692036e-02 8.409583858916151733e-02 7.519917240386159163e-02
1.754230169107461879e-01 2.790592212838505226e-03 1.456368443867880891e-01 9.860536885501261506e-02 1.395912077260683670e-01 1.555686165166006441e-01 4.691445665806534548e-02 1.583630541055720820e-02 1.715320105818207708e-02 1.593369974765805885e-01 1.291514391052614452e-01 6.567306240999232214e-02 0.000000000000000000e+00 1.503809749004623719e-01 1.660529908095938478e-01 6.992908908926587230e-02 6.217464549232917803e-02 6.744076526211624512e-02 3.374798589193955811e-02 4.802348054432804131e-02
7.534589121127897859e-02 1.391043919069801238e-01 1.938831358192202869e-01 7.314441971483079397e-02 1.242876180571714229e-01 1.057667361644693826e-01 8.844733807033133832e-02 1.472041465704033436e-01 1.226586701515789135e-01 1.326705319033311403e-01 8.201442418486129537e-02 6.358850003619082036e-02 1.136711280311436673e-01 1.449269450932124115e-01 1.145073480899446716e-01 1.546026259459954422e-01 1.741751843381222353e-01 4.853141805323572117e-02 1.451938027012170396e-01 8.165744415715270321e-02
1.311530348116815570e-01 7.534146303755069607e-02 1.957765849931506486e-01 7.242410337362392703e-02 1.446079574100260501e-01 1.476222796195952869e-01 5.601606975891036677e-02 8.315401331757951708e-02 6.071677461027116113e-02 1.812347979962543598e-01 9.169525130037856075e-02 4.507316155851270878e-02 4.882415815944363136e-02 1.645482419185786693e-01 1.565350506356993354e-01 1.371497115220700336e-01 1.671413695334610927e-01 3.750140098139168043e-02 9.373792571137876117e-02 5.236547263099069344e-02
1.193548365098494601e-01 1.279619635503064512e-01 9.114755228387984298e-02 5.670692852247829346e-02 1.355526330402311019e-01 1.219325152014050784e-01 6.832223380820240388e-02 1.284940958772547714e-01 9.256712469409322797e-02 1.117224275327561855e-01 5.942431280973789476e-02 5.906469179937748337e-02 1.034675991586090221e-01 7.333638764625774464e-02 1.214279283103387036e-01 1.254418187658320472e-01 1.096370292311972805e-01 6.032017941064002353e-02 1.373297013559852675e-01 7.078750329292267385e-02
9.137071780278044342e-02 1.288218610744611969e-01 5.711057305433518000e-02 8.705714378404938447e-02 1.020252584152905317e-01 9.062757303809454434e-02 1.021081074105397724e-01 1.284289776545666506e-01 1.186390120683442767e-01 7.982039389788149475e-02 9.176342055958755517e-02 1.041794337104971629e-01 1.263022731678727639e-01 6.256255041329200628e-02 8.697916726189475201e-02 9.394723920782425963e-02 8.554397570981378540e-02 1.012054716489398237e-01 1.284508840105020033e-01 1.076048676929026865e-01
7.153075342872365627e-02 9.320701631332790893e-02 1.373430888407526085e-01 1.328827452429541534e-01 7.734924134387285988e-02 6.290176863549575004e-02 1.247557104536299866e-01 1.068610408612616081e-01 1.263155019221581243e-01 6.486067563314479312e-02 1.418163717982600935e-01 1.162076690708931936e-01 1.138653483032801561e-01 1.453533396852180470e-01 7.697343977402301696e-02 6.361695108637431539e-02 7.285242029662129803e-02 1.125109592898825284e-01 8.268024646863833538e-02 1.190114560862588766e-01
6.602261612951584868e-02 1.124841318794837924e-01 9.353934055245233248e-02 1.280607521035745655e-01 6.874227358895934614e-02 7.756719369826518828e-02 1.328323990749813166e-01 1.031082941150429644e-01 1.281845524456386998e-01 8.866939064221550371e-02 1.326180477508659417e-01 1.302829885551869404e-01 1.283484089659621685e-01 1.220277265077525097e-01 6.810979566512703753e-02 7.762354243612178128e-02 1.081342371820266102e-01 1.281059975031687836e-01 9.016885900493482042e-02 1.365159287327635806e-01
1.195691887513947171e-01 1.178890447672622521e-01 5.502127335879369863e-02 7.041476451051734142e-02 1.227497140595407987e-01 1.064501575679497741e-01 7.820516947208383529e-02 1.223194898059488944e-01 9.598189990962813223e-02 8.209347845376224750e-02 7.347359236154332729e-02 7.854323917278208111e-02 1.078061589501343870e-01 5.391267953788778100e-02 1.071686287303536267e-01 9.471776739592105421e-02 6.603292787051899537e-02 8.224397991227617999e-02 1.258314571851416597e-01 8.244689967626205040e-02
1.506855375154475263e-01 1.130333857156354677e-01 1.658408304762919172e-02 5.063274182558372138e-02 1.412412562401930693e-01 1.227042303695281833e-01 5.595193139838401664e-02 1.170063755047705545e-01 7.382352449505133474e-02 7.723163252807742352e-02 5.004053474175932520e-02 5.917829644276614842e-02 9.574640670625217398e-02 1.983109964409190962e-02 1.224721089986767902e-01 9.039956078385463778e-02 3.948493053019994786e-02 7.227684912004816997e-02 1.280050125894864887e-01 6.280694238037140553e-02
1.227235670910238330e-01 7.210489455455690311e-02 6.521599228476419874e-02 1.082062359396879780e-01 9.965588870626607143e-02 1.138586173529389095e-01 9.347057456224565353e-02 6.590265775329261222e-02 7.700810377215418223e-02 1.062134860824312244e-01 1.197580984481250721e-01 1.061730975450704689e-01 7.986065593939958851e-02 9.713236242060183101e-02 1.058516623492324199e-01 6.611651263164451675e-02 6.648445261336172196e-02 1.113918832967806805e-01 7.126364475964205858e-02 1.009853303687826137e-01
1.213639311579010616e-01 9.834984290827943065e-02 7.938104735571341330e-02 8.497166959489736715e-02 1.162878327429282543e-01 1.168912136009234715e-01 8.180805796760047544e-02 9.501158568608891741e-02 8.455253246288610414e-02 1.029911380520509151e-01 9.105005794835986654e-02 8.236271864534966403e-02 9.136538926911884351e-02 8.759872550969870220e-02 1.125217589574402516e-01 9.269350277496912760e-02 8.042366804533433722e-02 8.745553495198642169e-02 1.016959360434627202e-01 8.618184482947351122e-02
7.241735877829574841e-02 1.599483749587956027e-01 3.008405106566149068e-02 9.304244545084254525e-02 8.491966738706274720e-02 6.733280683816081358e-02 1.206031188751756911e-01 1.533039705174955858e-01 1.437165417196335504e-01 3.499887183901018162e-02 8.100778830430710453e-02 1.083210590835783638e-01 1.643238053997132520e-01 4.797221488908613718e-02 5.885529351667940362e-02 8.479396072099831816e-02 6.611214992303909854e-02 1.168134048757251686e-01 1.387786166975312208e-01 1.246211705749557808e-01
1.886762692348525894e-01 8.886220231817536230e-02 1.192888207908189696e-01 9.141413018927332934e-03 1.999999999999999833e-01 1.744789164871813347e-01 0.000000000000000000e+00 1.067029173920007734e-01 3.212401884843173183e-02 1.427919806180122375e-01 2.478753032220031016e-02 0.000000000000000000e+00 3.683681409046334065e-02 5.824304682327312993e-02 1.875475292985215314e-01 1.464846808877918460e-01 7.018998106240492696e-02 9.557337395676990255e-04 1.431486033385317991e-01 0.000000000000000000e+00
1.896191401774293406e-01 4.318670830544867056e-02 9.277267279559005264e-02 5.263973141346590945e-02 1.670478043692834591e-01 1.776967323462649573e-01 2.368560795313652545e-02 4.762473568889637188e-02 1.602750727017408783e-02 1.579142612377975596e-01 7.651789140363442210e-02 4.415668609034094361e-02 1.581008840362700674e-02 7.993488561246930857e-02 1.752467627742547163e-01 1.047262063574921215e-01 6.246728915986045350e-02 4.797022215670015965e-02 8.581666718189524812e-02 3.097824654186790566e-02
8.833317536497456435e-02 5.568937736646690367e-02 1.513825264858119080e-01 1.463576433496259210e-01 7.405182387424219526e-02 9.310913577047308376e-02 1.209264204771549334e-01 5.558423799855190250e-02 9.420026856650941249e-02 1.244928395192129722e-01 1.639316268252292708e-01 1.229555779679115529e-01 7.795079539151368586e-02 1.815670828054580799e-01 9.489944981610852481e-02 6.251362575511526520e-02 1.123172988460714450e-01 1.190726056813151967e-01 4.164446219399996207e-02 1.204480252684941716e-01
6.142401637397627845e-02 1.291113126266861255e-01 1.333801516663481734e-01 1.104927202922351137e-01 8.679850594079541182e-02 6.907178290327094239e-02 1.209566293463848197e-01 1.356750240197857615e-01 1.400591974122639971e-01 7.053718605002354258e-02 1.143062023230333735e-01 1.064725304344497081e-01 1.347001258810886781e-01 1.242775174539478278e-01 7.527068386495372465e-02 9.630093077283738423e-02 9.771080833602592552e-02 9.964456453098020916e-02 1.191026707911259364e-01 1.168161433308336355e-01
1.239404563775256540e-02 1.050714061339545202e-01 6.713003403667572311e-02 2.000000000000000111e-01 0.000000000000000000e+00 0.000000000000000000e+00 2.000000000000000111e-01 1.036708575037155050e-01 1.794055194110547591e-01 1.373272660352128915e-03 2.000000000000000111e-01 2.000000000000000111e-01 1.715976085658188488e-01 1.402806874011063021e-01 0.000000000000000000e+00 0.000000000000000000e+00 3.888451049723118391e-02 2.000000000000000111e-01 5.260114584226209533e-02 2.000000000000000111e-01
1.387782607577287275e-01 7.236491879691195339e-02 1.321423152242925392e-01 7.685313105690498581e-02 1.390590946765686009e-01 1.274446763001130245e-01 5.942188305952349203e-02 8.827440212083748072e-02 6.661354434246163914e-02 1.121994404157401204e-01 9.355220473153672001e-02 6.048854844998777236e-02 5.913768690390387717e-02 1.099454596947662122e-01 1.389745517499944849e-01 9.828478466503041966e-02 6.819008110460708649e-02 5.986359116342268583e-02 9.825451680271463095e-02 5.721871414790072330e-02
1.593460953164744787e-01 6.762989781885671292e-02 5.866214793623685669e-02 7.368449515783660753e-02 1.356467520618999112e-01 1.414107589905475026e-01 5.634764264263095179e-02 6.810240708407949706e-02 4.933854161702461161e-02 1.146850940818719133e-01 8.567801894510136684e-02 6.936365472355944528e-02 5.717423142880237452e-02 6.987469439713905883e-02 1.368941059197798515e-01 8.202133860973495616e-02 5.142146798553377807e-02 7.899896633342960717e-02 8.652965058194253545e-02 6.355129929150352130e-02
1.280029350295812940e-01 1.152576812472285162e-01 1.351631765908499483e-01 5.327770040981674726e-02 1.474240111003200515e-01 1.328545825691892224e-01 5.603006866715708884e-02 1.201488983608879069e-01 8.064710669559570222e-02 1.279010025443865772e-01 5.901260517828219032e-02 4.187168605895507517e-02 8.523970492540490496e-02 1.017847344476990046e-01 1.377942779268193918e-01 1.357457078162456754e-01 1.143216939947402783e-01 4.184829230874474726e-02 1.306835472942034226e-01 5.444829597125555587e-02
1.153445574009814290e-01 1.382969829035452236e-01 4.503176688210873413e-02 6.242644018018130014e-02 1.221352335300353309e-01 1.104765147163566941e-01 7.984890757585941246e-02 1.327245246834418135e-01 1.006887312192813327e-01 9.069565799196505074e-02 5.754797640164131811e-02 7.172980391321912008e-02 1.218950339909669334e-01 4.940985732836088162e-02 1.040589488070347290e-01 1.088398613122515401e-01 9.501187048386237899e-02 7.976252014533978529e-02 1.353193281519376734e-01 8.567430439634654560e-02
3.758781517257266114e-02 1.517854901745274709e-01 8.120823875479575571e-02 1.267144789884850076e-01 5.745717269013766310e-02 4.656328198632834342e-02 1.503241913266279151e-01 1.463899663460755951e-01 1.644396184736441890e-01 4.998533233652847907e-02 1.212728667847770836e-01 1.355449308343278092e-01 1.701414599647166903e-01 1.042302520249285408e-01 4.235101109966983579e-02 7.989441411174286189e-02 1.062296059319708941e-01 1.332984390346855230e-01 1.188676415209907883e-01 1.510178374533600321e-01
1.101282054622094025e-01 9.471845800280830063e-02 1.663941381130641384e-01 8.168911496730722754e-02 1.268794792710284669e-01 1.282536547709582364e-01 7.618864485537289732e-02 9.810730056234863439e-02 8.418554372099798511e-02 1.523842900829630032e-01 9.626179534778028790e-02 6.591484455666139775e-02 7.605286338000628865e-02 1.449438470172952631e-01 1.317049802840539463e-01 1.281802348969390548e-01 1.549193690420370140e-01 5.877051756897234969e-02 1.045690949610296322e-01 7.440957822178538572e-02
7.042883577553968322e-02 8.115160868537460437e-02 9.559217699317218431e-02 1.532619100747419361e-01 5.687087266448935530e-02 5.798764021273920127e-02 1.401253013046258600e-01 8.390848517841140164e-02 1.249406198629910425e-01 5.130429348752017782e-02 1.616039831940809524e-01 1.442872208879270590e-01 1.166043387015061467e-01 1.332768997379697173e-01 6.005303776927967824e-02 3.582513035317576311e-02 3.754865398537809984e-02 1.451077064905821890e-01 6.101865336691542768e-02 1.401547403220159693e-01
1.828820090715153057e-01 4.375197438264825933e-02 1.207834345096071293e-01 6.306843059168973364e-02 1.589366759663864703e-01 1.725141123978401192e-01 3.055199105346048660e-02 4.415661077864006800e-02 1.853781802340519202e-02 1.635165039619272676e-01 8.057907184272976309e-02 3.804087345459657848e-02 1.962277381149420130e-02 1.147424916807443240e-01 1.720022068046618280e-01 1.046842295450853833e-01 7.919337463604922411e-02 4.672652233547680556e-02 7.100220723722970584e-02 3.436561578029960484e-02
7.812423897540810014e-02 1.986128476642392560e-01 2.941491520282735195e-02 4.383253887734631787e-02 1.211168700129356401e-01 8.538065408549375124e-02 9.331026634517729235e-02 1.968651488291111029e-01 1.487384034546049838e-01 4.659262349591188762e-02 3.257539322579432878e-02 7.790495442118300362e-02 1.733520448788657409e-01 3.720974880579847044e-03 7.795241558691336226e-02 1.350373414872013123e-01 9.276733346858306861e-02 7.759205071732692971e-02 2.000000000000000111e-01 9.779748961909305593e-02
1.135328726012334866e-01 1.653574168088011165e-01 1.546112938586941821e-01 1.442392877051032474e-02 1.692377322815934448e-01 1.505513787840138951e-01 4.473837433791295892e-02 1.636093062126620645e-01 9.624285805469072475e-02 1.655911394414759097e-01 1.798254058976669900e-02 1.894786178582046066e-02 1.056013777551986083e-01 8.715700625396392842e-02 1.486923546126126539e-01 2.000000000000000111e-01 2.000000000000000111e-01 8.816632704722826563e-03 1.869711904334424579e-01 4.422511547569096813e-02
4.024330885434324045e-02 1.397326416454884035e-01 1.404103277203721800e-01 1.238730145108667136e-01 6.840969027012429315e-02 6.456219241659165442e-02 1.404352796197533282e-01 1.345928940549396824e-01 1.524970746004755684e-01 9.264478168250898926e-02 1.253138716995534363e-01 1.210129869777654965e-01 1.484958356806266866e-01 1.468659596661300859e-01 6.295313570436106287e-02 1.035711783567128258e-01 1.511119370891113589e-01 1.123455024108190037e-01 1.124350923219225584e-01 1.382133556452283807e-01
1.182826508646643293e-01 1.274990406485801142e-01 6.315339624388341400e-02 6.231117154857628015e-02 1.268927692289312792e-01 1.217770383821114438e-01 7.545247446031433380e-02 1.221859766001537617e-01 9.292173263690137186e-02 1.079951466156884310e-01 6.383375314101932818e-02 7.121546286794916414e-02 1.077624813336455906e-01 6.027964711057733072e-02 1.134877884748129728e-01 1.163902295511266838e-01 1.077166632692374976e-01 7.520994534621673611e-02 1.324687881521040833e-01 8.147574249018836590e-02
1.177888809609604209e-01 1.352533767396356668e-01 1.471745071517173431e-01 4.266279670443965527e-02 1.504722145569805103e-01 1.400777236664835224e-01 5.673799031647695085e-02 1.336379281821530318e-01 8.761717398089935438e-02 1.572915726505344225e-01 4.708251615379298316e-02 3.607360774312041302e-02 9.460070667575967707e-02 1.080532548665479320e-01 1.407280782813538633e-01 1.632006835020065050e-01 1.736084656081089972e-01 3.153511138849177109e-02 1.463216855500893421e-01 5.630168586274512249e-02
1.025584822709766086e-01 1.059694309005604629e-01 9.603964534533752928e-02 9.160727354018106949e-02 1.079539490984176564e-01 1.082115512265923174e-01 9.340539334654053560e-02 1.040119617353534032e-01 9.937717513314306417e-02 1.065272592586896244e-01 1.002509518813510109e-01 9.333497592449020719e-02 1.010358140443925468e-01 9.842340929783498227e-02 1.036726427544724660e-01 9.913998159222328632e-02 1.003662476882016402e-01 9.155151005349065896e-02 1.078036738627437818e-01 9.691584388037635667e-02
1.106186594170514986e-01 5.496769571207110044e-02 1.756983457197675846e-01 1.166003096920044391e-01 1.081959556419284652e-01 1.140745047110935662e-01 8.940964970822892766e-02 6.460981594569137343e-02 7.872119802790009113e-02 1.228517120125435652e-01 1.378736215369305018e-01 9.001573837533805023e-02 5.877735877754367011e-02 1.678776101837230472e-01 1.216482101521411813e-01 8.561748267832806902e-02 8.745725657904682149e-02 8.470416555805948544e-02 6.603014769339077272e-02 8.542313893922394430e-02
1.500387607318897920e-01 3.788328816779325259e-02 1.141687949067175523e-01 1.005671611364901130e-01 1.241878477131155706e-01 1.313573849356976797e-01 6.633782226331015608e-02 4.651450885286692594e-02 4.874934183877240729e-02 1.216767839565190273e-01 1.220303555435092169e-01 8.150943753631255395e-02 3.967485583656729653e-02 1.223217468821336529e-01 1.370400746658323732e-01 6.784402297940830828e-02 4.363263042245766471e-02 8.398923024590707054e-02 5.753033508415501818e-02 6.855911782938016452e-02
1.037987927697493762e-01 1.615119697412380484e-01 9.729729586182707390e-02 3.622757795637461531e-02 1.450937184322392548e-01 1.227796122857649358e-01 6.646382165205648451e-02 1.626801482139702271e-01 1.112492858072449547e-01 1.133201001546460529e-01 3.818010938580628649e-02 5.285661538461548792e-02 1.231622309802055809e-01 5.396376235912884317e-02 1.192748272376900620e-01 1.576373311180934433e-01 1.369114525751029821e-01 4.641774717261136496e-02 1.779356484014210649e-01 6.880220703824696526e-02
1.192938695132024496e-01 9.577372901909245173e-02 1.719204704046566889e-01 7.257608578465696292e-02 1.366397729387033577e-01 1.309740907383394048e-01 6.583655781049621569e-02 1.015732887024188846e-01 7.866610988537341143e-02 1.539561574120435483e-01 8.554881359963831255e-02 5.267561644350673977e-02 7.255984653027734710e-02 1.442351780503284275e-01 1.396522001097803556e-01 1.320670802643088559e-01 1.459345342750051067e-01 4.659901397649880705e-02 1.073460056365061477e-01 6.274325610530860631e-02
1.599590477393806609e-01 6.084179457958365650e-02 1.166396755761158061e-01 6.696980662948531782e-02 1.508118128854834539e-01 1.476483890265978260e-01 4.446920420556074033e-02 7.210028742162000182e-02 4.622983755755003671e-02 1.250276519730138536e-01 8.544237846455546292e-02 5.231666059119439299e-02 4.209927769623920957e-02 9.693962349191137529e-02 1.529593047732348277e-01 9.992716215051440642e-02 5.780431547849532170e-02 5.500497930970636024e-02 9.370261042298461129e-02 4.560571021184715856e-02
8.461464300559908003e-02 1.144568402917278960e-01 5.823243061285528904e-02 1.108481681694350740e-01 8.498966473145823375e-02 6.643228296161426960e-02 1.162991903800295046e-01 1.212756465884152063e-01 1.262239840267354030e-01 4.651486078849839667e-02 1.143200782701916524e-01 1.188453154052762084e-01 1.299623995845862467e-01 7.561634729839879221e-02 7.139906231680748228e-02 6.114432104037276910e-02 3.906283700959096994e-02 1.188933782738093858e-01 1.068747698840199767e-01 1.184824626377819767e-01
1.384306932516851940e-01 8.442686104131209845e-02 1.263059419184256738e-01 6.935132260267408422e-02 1.413899655077543172e-01 1.313947649232037052e-01 5.737270849380529669e-02 9.372292563886677752e-02 6.827886670844848793e-02 1.190072107341441365e-01 8.221664425007928212e-02 5.629332326187010127e-02 6.647531106602772022e-02 1.041758651251720041e-01 1.383861762833137887e-01 1.082237093820831858e-01 7.406329518829669889e-02 5.637967633943184731e-02 1.057603996363900012e-01 5.682473453945333097e-02
1.565805983697885484e-01 8.350086472985193686e-02 9.414717986474005484e-02 5.811233462441549313e-02 1.494026342112703409e-01 1.466807693257053125e-01 4.664014773301200512e-02 8.678508389152582436e-02 5.295010511578807783e-02 1.257743252101888032e-01 6.751306919679556096e-02 4.694304330223841859e-02 6.022360602192811802e-02 8.293469652072343878e-02 1.469836795326307510e-01 1.086294322065715218e-01 7.904710777311610426e-02 5.465979478535883812e-02 1.047932516211783766e-01 4.966004433831354425e-02
9.893883586935250940e-02 9.304747432593354906e-02 5.916973355474252488e-02 1.135171137595101798e-01 8.842848309531965711e-02 8.918286748178987089e-02 1.095265903850216188e-01 9.270593766851058237e-02 1.050938652773932835e-01 6.897681724577414686e-02 1.219971082696214570e-01 1.191041863427033665e-01 1.066640355919877825e-01 8.339769934308896571e-02 8.404543065149433501e-02 6.172594409250305170e-02 4.778763984635073236e-02 1.215224997697429421e-01 9.056680875146461140e-02 1.147203681700169758e-01
1.117007253660227822e-01 7.445155012308710130e-02 2.354845743782608969e-02 1.295877552109437336e-01 7.617566072834811020e-02 8.292435614327214877e-02 1.145342597332091594e-01 7.032427355013545767e-02 9.440934979030496388e-02 4.665197560996033749e-02 1.331676465858459280e-01 1.287483455862440951e-01 1.025663566752724465e-01 7.690362615148263470e-02 7.559376682800096614e-02 2.651868395590684102e-02 0.000000000000000000e+00 1.426180932646385902e-01 6.147321388027527506e-02 1.216806613818742500e-01
0.000000000000000000e+00 1.790456071714606190e-01 9.841948121198865196e-02 1.351363887588276080e-01 4.162384675329133810e-02 2.457694110980471192e-02 1.733270085256601312e-01 1.732868349698214461e-01 1.995265553363252953e-01 3.840966172913490989e-02 1.297872699385080597e-01 1.548907172412274935e-01 2.000000000000000111e-01 1.103444736051100161e-01 1.967542039090847128e-02 9.202667045056206474e-02 1.251931516408021638e-01 1.423146765965437877e-01 1.409173270114608689e-01 1.725731744541017798e-01
8.509179785469284107e-02 1.853723538342371135e-01 9.929281353186247827e-02 4.176041813484338699e-02 1.341558017809719172e-01 9.063663838125955718e-02 8.002955489871721451e-02 1.930811528754267370e-01 1.375822111381798662e-01 7.164195119370841969e-02 3.207380977569356667e-02 5.069698359156590145e-02 1.541786344805593234e-01 5.550626727651854220e-02 9.855907504063497748e-02 1.478819819671614855e-01 1.172645942383446771e-01 4.884192847129372600e-02 1.875706561768206715e-01 7.660780309329043303e-02
1.113986141839889976e-01 1.536804692912788761e-01 9.085580699378681402e-02 3.731343500982717970e-02 1.478723572802909669e-01 1.183104042244880472e-01 6.248695825504411300e-02 1.605231718813285857e-01 1.081557060738955744e-01 8.993602963220531654e-02 3.913898571632212081e-02 5.077121714433480842e-02 1.189391791044019098e-01 4.516286478470208504e-02 1.193803898448774492e-01 1.444289600452175193e-01 9.666234235477257075e-02 4.741948957978620732e-02 1.755863225436541941e-01 6.323036068305257218e-02
1.033249747721773359e-01 6.335383336390269793e-02 1.580399240407754924e-01 1.219832266968232243e-01 9.959476238577139040e-02 9.305477836850362117e-02 9.831276613944384124e-02 7.870036953557850434e-02 9.175692948819703931e-02 9.544609447583785045e-02 1.383462876989056400e-01 9.543829547756518816e-02 7.498335819114240741e-02 1.575621445344443927e-01 1.081165824859912084e-01 6.994180746390078751e-02 6.967942880674418693e-02 9.269532056250109897e-02 6.768706791994549832e-02 9.268155727370921970e-02
1.572530226042340162e-04 1.538666872424263032e-01 8.240821138885176533e-02 1.616943667627821490e-01 2.333869680021920245e-02 2.559492388217468606e-03 1.867429991394990996e-01 1.557039006853171426e-01 2.000000000000000111e-01 9.946804667370329200e-03 1.587542546714069136e-01 1.765539874030621348e-01 1.960056115870390525e-01 1.156417311748136612e-01 6.269249163485535181e-03 4.960870254669964147e-02 7.597709336705117666e-02 1.662658213441982336e-01 1.111178026704251198e-01 1.851480072445932101e-01
3.372497458899947897e-02 1.205656433348293033e-01 5.759798451924382640e-02 1.594244412275289680e-01 3.324191526989560275e-02 2.858912344979486209e-02 1.697484252673009952e-01 1.193557485952566055e-01 1.643356050247105626e-01 3.227480370913304863e-02 1.616325049617553522e-01 1.710980857086487616e-01 1.622891445772546570e-01 1.078653830389720153e-01 2.695206596355849415e-02 3.644238065452884423e-02 7.075869863907943702e-02 1.673896857636650026e-01 8.543584016297434136e-02 1.726409616673219571e-01
1.186251803462403109e-01 1.022251992540390425e-01 1.219677986481233073e-01 7.746401216716441995e-02 1.273854664349374777e-01 1.086098842400466113e-01 7.386092020531667690e-02 1.138085140499998232e-01 9.009629205646804695e-02 9.982316633147060581e-02 8.395356336711538858e-02 6.388637780635643415e-02 9.087044879345088089e-02 1.059107110466768475e-01 1.200899252968904291e-01 1.024148012047859241e-01 8.444666757209498553e-02 6.497707384605624914e-02 1.112646040017162413e-01 7.109102756086690955e-02
1.020394172764772095e-01 1.164807389837161644e-01 1.136563941053535809e-01 8.060974511281489285e-02 1.168942819700961450e-01 1.150862374954408213e-01 8.691236167293985015e-02 1.147072432618904819e-01 9.975799233971315017e-02 1.162491034786274496e-01 8.715649970150715631e-02 7.864217513157019390e-02 1.023718751488628398e-01 1.038997030499494573e-01 1.108025405815279141e-01 1.174237921878626134e-01 1.248190976289625387e-01 7.705032015875630524e-02 1.195468114890135547e-01 8.850986847190209228e-02
7.738495927613438241e-02 1.455260465453829255e-01 1.253398147108058247e-01 7.657367111810893523e-02 1.153648338329998080e-01 8.070959888839367158e-02 9.566574067329217113e-02 1.598458062418171288e-01 1.348825237958956313e-01 6.731582618811189633e-02 8.015695665325098251e-02 8.070449927091755127e-02 1.337140324681317938e-01 8.886185353831926870e-02 9.184978087671728797e-02 1.182343387686559666e-01 8.616886441935805996e-02 7.182205812464173555e-02 1.528515172959546420e-01 9.101165981294666307e-02
1.434880610752036767e-01 1.169394514039192867e-01 7.151415171384133129e-02 4.171038701871188775e-02 1.529521057969137898e-01 1.416732858843073040e-01 4.887732819696813391e-02 1.181768765239268881e-01 7.263617456537635464e-02 1.099903417153263174e-01 4.741800127606895371e-02 4.827871964214561912e-02 8.544153117865919966e-02 4.722982824379762246e-02 1.368532709876010001e-01 1.262881457754520265e-01 8.095369514707680125e-02 5.256814674585320174e-02 1.416198437002665900e-01 5.375536381512806966e-02
4.074165385241267090e-02 1.687070602599844704e-01 4.969146312657016923e-02 1.132935379331252157e-01 6.193285773657437876e-02 5.386244911679472641e-02 1.467252211933531558e-01 1.557664679438559296e-01 1.654573708090411321e-01 4.820433021731595352e-02 1.031420896231809298e-01 1.324245099894137412e-01 1.803164284045205012e-01 7.540422812625739712e-02 4.081448064519879737e-02 8.924946421941953867e-02 1.108968405741134755e-01 1.333906627835071690e-01 1.349754813461024883e-01 1.511426043165986499e-01
7.655992374122291833e-02 1.172267572247475131e-01 1.028802908955506468e-01 1.081944515942172141e-01 8.933282378942314361e-02 7.811379170018180329e-02 1.150058089239474751e-01 1.216365508447424942e-01 1.258656936916164315e-01 8.012858752409478258e-02 1.146889908887798043e-01 1.099461546643474147e-01 1.237539920939693949e-01 1.073268698468180793e-01 8.140784921353760861e-02 8.688895800358900634e-02 9.481407922458211235e-02 1.049380347094761301e-01 1.100435565755487621e-01 1.151255931518552489e-01
1.563473870247961695e-01 6.818080101180390429e-02 5.843227165739336287e-02 7.573882664398064180e-02 1.328082148057555256e-01 1.422686020286004771e-01 5.931838379765189129e-02 6.605081703069219656e-02 5.047721249935670923e-02 1.211443528867054281e-01 8.836285637543592197e-02 7.322336204474551302e-02 5.806572417950338350e-02 7.253428193765194820e-02 1.355400901825836724e-01 8.373425435305902054e-02 6.161750717328648430e-02 8.167573659811450115e-02 8.532019824087236359e-02 6.749025440358222272e-02
1.058373976629204960e-01 8.726767179018993237e-02 1.466878871012534391e-01 1.024042788879954424e-01 1.100739680604179704e-01 9.444685232696259369e-02 8.986262030531864953e-02 1.017173658788028678e-01 9.607569927394653264e-02 9.427832875123806633e-02 1.110293438682966177e-01 7.824635310220627582e-02 8.897510920922135913e-02 1.394013721752738189e-01 1.102726478335905730e-01 8.555362758679060931e-02 8.216318168698136248e-02 7.852622679914739168e-02 8.850103082576658842e-02 8.400621973638947027e-02
7.819561672870053992e-02 8.482506189004927755e-02 1.999999999999999833e-01 1.212463751011003954e-01 9.194360983459017034e-02 1.178150905409335869e-01 1.101713176552297224e-01 7.448095391933001741e-02 9.830654404199233587e-02 1.711662181764365409e-01 1.384399471436812135e-01 9.978934430703056968e-02 8.178946430288960845e-02 2.000000000000000111e-01 1.108193478792500880e-01 1.206768008564359645e-01 1.892015914721749681e-01 8.836564969711657724e-02 7.389769268987982087e-02 1.090582074806247664e-01
1.289926325728636969e-01 0.000000000000000000e+00 1.275108108738736701e-01 1.573445200815795364e-01 8.027112606474645640e-02 1.159057212529543412e-01 1.042114457228149049e-01 0.000000000000000000e+00 5.166984612056331472e-02 1.218792555843566244e-01 1.838839117144893676e-01 1.269567702523143882e-01 3.168840729053477856e-02 1.755416484887142303e-01 1.130600113230374737e-01 2.683232655345789419e-02 4.254617928740585253e-02 1.312319585883332251e-01 0.000000000000000000e+00 1.074000054232192025e-01
1.064855969886179948e-01 8.894576802776876789e-02 1.412364237721344951e-01 9.869902623687357157e-02 1.109363498375239704e-01 1.068386609861648739e-01 8.899503717490253596e-02 9.405332696866118558e-02 9.156561026167767126e-02 1.208760468888846612e-01 1.100543042554481543e-01 8.227581496746388945e-02 8.559811727029642547e-02 1.383372463405412867e-01 1.146663466202655218e-01 9.741244544561582230e-02 1.094032519070599063e-01 7.912168815001194289e-02 8.978066296779994848e-02 8.732956607616192135e-02
1.514926601294554198e-01 1.983254945232827693e-02 1.399573963014704436e-01 1.097188523798280219e-01 1.233502671974029963e-01 1.389581254231083141e-01 6.633552015318650019e-02 2.918431000541819864e-02 4.058218341995711159e-02 1.317955048566619158e-01 1.367800837472947784e-01 8.352668597650271531e-02 2.337788761642208002e-02 1.452159895795236966e-01 1.435513893917080841e-01 6.699052688542883605e-02 4.835141050423082121e-02 8.446764281931075369e-02 4.420956616364726810e-02 6.721082757273294517e-02
7.369333591743189305e-02 1.254522906701484308e-01 8.713955673721861250e-02 1.069898981726857545e-01 8.554870680903191305e-02 8.382247128837164163e-02 1.187409683586813924e-01 1.207294027151727261e-01 1.273263902272570580e-01 8.381269059086304818e-02 1.106384306431009990e-01 1.145266109098736773e-01 1.303432337199399993e-01 9.842593975325591993e-02 7.671054432779067511e-02 9.203756989513303677e-02 1.041254370542903235e-01 1.117108718719952432e-01 1.135625052994747586e-01 1.219350188882898367e-01
1.313630624399940716e-01 7.972048444195441175e-02 1.194799029642153593e-01 8.264491982376953594e-02 1.299515713411708573e-01 1.185051686302442120e-01 6.822060434061724687e-02 9.171827419098847745e-02 7.519300345261482887e-02 9.932741869706777915e-02 9.529313237194783626e-02 6.853552923310100853e-02 7.133512740827294141e-02 1.052169467726091212e-01 1.272794123738599792e-01 9.158824493207509687e-02 5.592925612028495225e-02 6.998392235050011900e-02 9.787153838517521909e-02 6.682080560400124880e-02
1.559308632676389417e-01 1.351914128050761554e-01 1.159054488213985129e-01 0.000000000000000000e+00 1.925889544140289011e-01 1.578866772643006677e-01 1.585007949095683377e-02 1.506492877735005620e-01 6.720800198393174496e-02 1.373834913913218880e-01 8.949224552595988480e-03 4.831315895978058328e-03 7.682806722177731862e-02 4.460411108808760849e-02 1.683201084834044514e-01 1.715408776878443453e-01 1.178662997015001851e-01 0.000000000000000000e+00 1.806885129733038775e-01 1.556904002225724393e-02
1.650970296313233887e-01 6.269891372323564693e-02 1.283667220558518673e-01 5.699200920296611239e-02 1.599721466342586829e-01 1.612115530167350097e-01 3.588796716225677030e-02 7.076576641534482182e-02 3.887693433939552051e-02 1.507074098372832016e-01 7.695994835816395707e-02 4.240387864903407550e-02 3.515431343517654017e-02 1.028478027317521748e-01 1.644783717374217469e-01 1.168909437790139200e-01 8.703000156921290864e-02 4.284729836577374357e-02 9.786961432562135688e-02 3.788104830736212930e-02
5.027238772169527470e-02 1.534834133841035952e-01 7.234777057946262246e-02 1.100468240580431967e-01 7.501455117218511215e-02 4.552306480098082531e-02 1.343120303166344953e-01 1.595606905336749703e-01 1.619562045707992615e-01 2.633027943258924031e-02 1.069571132493581933e-01 1.237769761378008093e-01 1.662830280090064894e-01 7.560327728488770715e-02 5.050475661821267337e-02 7.948132881356295698e-02 6.113959702407957553e-02 1.196684360319709151e-01 1.377410444073514095e-01 1.333422502708788704e-01
5.758456565962948720e-02 1.476816622927413503e-01 1.147305609082145544e-01 1.013737442981927500e-01 9.047211103615093730e-02 4.985741803122072796e-02 1.201238946978240019e-01 1.658272510469077088e-01 1.554818973986098474e-01 2.717693804223803022e-02 9.940650977280481027e-02 1.009370218413627035e-01 1.541748378208467884e-01 9.451906239555019074e-02 6.515355779060082175e-02 8.941456430614913575e-02 5.943318828139601551e-02 9.648446549164467478e-02 1.409819225174691326e-01 1.127630657467268704e-01
