4.102705471256712144e+01 3.465929209656705723e+01 3.770391125910044394e+01 5.147149106187166012e+01 4.255367898368753288e+01 5.518027889875109082e+01 5.476210759091306102e+01 3.758486778937757578e+01 4.996996910199854369e+01 4.280376694501200063e+01 4.688387506558746054e+01 4.029157030463663602e+01 3.394474583147434288e+01 4.666665716511914752e+01 4.226523872849654850e+01 3.453736843161448178e+01 4.951574209981112773e+01 3.173418551657647768e+01 4.690911926273685850e+01 3.343052687744294360e+01
3.942554139408262870e+01 3.978588324897774697e+00 4.611511252577393805e+01 8.000000000000000000e+01 1.077128785977188130e+01 7.517638112484294766e+01 8.000000000000000000e+01 6.856646516645402301e+01 5.963239261034507877e+01 3.126976682002667829e+01 1.650668663481173581e+01 8.006661075482302437e+00 6.226349870339595327e+01 1.973082564673602590e+01 7.301620658418029564e+01 6.708236746834495534e+01 7.603777891065220729e+01 6.053723715972769526e+01 2.177098195003261694e+01 3.691824787269800368e+01
4.248413110281582306e+01 4.421314535338529339e+01 3.312925406576616894e+01 4.233150572168614900e+01 5.262457708505507270e+01 4.981187275816564153e+01 4.690721641819804688e+01 2.711804131378406879e+01 4.882285801933188196e+01 4.496949274097774918e+01 5.714436207390249223e+01 5.025083584438925044e+01 2.335218991344314077e+01 5.581534805344525552e+01 3.326985046517653188e+01 2.507993447998945413e+01 4.417116059102844616e+01 2.473169715671613034e+01 5.631887896536450455e+01 3.352691549434197782e+01
4.053660880773028907e+01 4.518153532334847000e+01 3.968424898353537600e+01 4.300073339258777594e+01 5.296596239919435334e+01 4.746608921369330147e+01 4.655322652136688077e+01 2.864058488794273671e+01 4.221272104657794699e+01 5.119725921842253769e+01 5.627027559033163584e+01 5.176896626620693098e+01 2.793949361519108265e+01 5.430642886324984886e+01 3.020584916320694902e+01 2.155392570834775512e+01 3.476466860239982992e+01 1.742484284213098533e+01 5.221138351252236731e+01 2.893472821254428595e+01
2.931507799418018934e+01 2.510023108566330308e+01 4.858152336950816164e+01 5.573502814901172542e+01 2.971213773931714996e+01 5.289847205774299255e+01 5.569995388345888898e+01 4.806789028593276925e+01 4.324677762064317932e+01 1.118845728805140993e+01 3.400058748066628311e+01 2.698872255676911891e+01 4.375094964967014732e+01 3.044223785611115929e+01 5.304577537163114442e+01 4.922707134050519073e+01 5.935943020050511620e+01 5.691166710704561638e+01 3.708735756607935485e+01 5.920519623320261360e+01
3.684597701959668115e+01 3.664841658606416530e+01 4.639983732347823064e+01 5.133632547906751142e+01 4.343150654724175297e+01 5.251657011829392019e+01 5.391410422449236250e+01 3.835599116126125807e+01 4.302805305163001748e+01 4.848447761773686437e+01 4.623168016814908299e+01 4.273931555484764999e+01 3.791932229300203971e+01 4.560551832757367663e+01 3.937613135584306434e+01 3.158199682826715815e+01 4.108783922547105760e+01 2.551581123586286992e+01 4.223182982080170689e+01 2.897419245345540162e+01
0.000000000000000000e+00 8.000000000000000000e+01 6.533562804998091167e+01 0.000000000000000000e+00 8.000000000000000000e+01 0.000000000000000000e+00 0.000000000000000000e+00 0.000000000000000000e+00 0.000000000000000000e+00 0.000000000000000000e+00 7.516719942149725853e+01 8.000000000000000000e+01 6.962122835973996615e+00 6.205085126556461717e+01 0.000000000000000000e+00 0.000000000000000000e+00 0.000000000000000000e+00 2.229212366304064119e+01 6.412481752392119461e+01 8.000000000000000000e+01
3.365207363181862377e+01 2.982814334108541132e+01 4.472613988636322802e+01 5.610543460202428889e+01 3.661217049100938681e+01 5.686291056493147522e+01 5.700071618125179640e+01 4.396436436439586970e+01 4.798204220696890587e+01 3.931063412426914283e+01 3.907446207499734214e+01 3.437206156552830549e+01 4.086883015402859343e+01 4.069594263731997330e+01 4.813258684285432309e+01 4.262898077292207688e+01 5.227689072407078896e+01 3.852895091713436670e+01 3.893560210731654081e+01 3.517937322250912757e+01
2.242821437917947947e+01 5.509407316253419395e+01 4.492754963684568992e+01 3.168187424881605097e+01 6.091346397308677751e+01 3.799139403936901260e+01 3.184543407170365370e+01 2.004887398308346746e+01 3.530632928391987946e+01 3.596791454924601794e+01 5.915295940080943637e+01 5.851576218484788683e+01 1.860324824199488347e+01 5.944029961212839197e+01 2.574617456600940812e+01 2.264845940248538625e+01 3.367969382028611847e+01 2.539762944451788229e+01 5.558260091061296038e+01 4.266328002787643925e+01
4.464617613716182376e+01 4.508626190971725123e+01 2.856724138545038016e+01 4.443042649747168582e+01 5.499449048189124767e+01 5.279635552439047785e+01 4.503959478174900255e+01 2.609150661917050229e+01 4.874719138309865940e+01 5.754661012947248366e+01 5.789939733342691852e+01 5.119029869332054261e+01 2.244536181856484802e+01 6.005531614667967233e+01 3.050975245855680384e+01 2.328737480196219067e+01 4.059765001133864359e+01 1.763277734559076393e+01 5.766857796104504530e+01 2.495539039331648468e+01
2.445305121867152209e+01 5.398907167436948384e+01 4.716965946744375771e+01 3.043633701517145695e+01 5.916904664441186412e+01 3.372083841568672113e+01 3.211669792950686997e+01 2.130720843977560008e+01 3.120379043329194957e+01 2.946813778612732904e+01 5.903205998836016732e+01 5.748031281510859003e+01 2.168047789077561305e+01 5.519185606213343931e+01 2.457932030336626283e+01 2.016589459692080766e+01 2.928952082311531058e+01 2.577143053248980920e+01 5.474255917791311532e+01 4.886204583400088097e+01
2.869987117076313154e+01 2.386919330518512794e+01 5.208730653714722791e+01 5.922597501585351409e+01 2.879296680745192560e+01 5.526450166945549114e+01 5.882228416753306277e+01 5.076759541674269371e+01 4.298924357959011644e+01 2.375574648843628012e+01 3.163149278007781362e+01 2.683767543430889191e+01 4.842598608179199715e+01 3.058858096858193321e+01 5.366086064189958194e+01 4.942263097972001162e+01 5.526866609072752823e+01 5.016912205023721327e+01 3.221096452794392917e+01 4.792585469602160231e+01
3.763042826201055391e+01 1.378473296825174899e+01 4.174790800514119837e+01 7.076549841800665774e+01 2.101728590819259779e+01 6.949872599420969266e+01 7.008721643811918511e+01 5.825689404176024766e+01 5.739176021463573107e+01 3.196074449810186735e+01 2.552958030195932082e+01 1.742474367817679592e+01 5.143401345877728659e+01 2.897579616506481770e+01 6.416339146671876392e+01 5.919695847343139405e+01 7.060059459856310582e+01 5.500705543458068547e+01 3.077990749739260679e+01 3.852211121756490542e+01
3.164455747273159147e+01 3.361685790827405640e+01 5.037816741054793113e+01 5.201307340937671597e+01 3.921917397144432016e+01 5.116362413182259417e+01 5.434436683490393705e+01 4.178981765979009566e+01 4.174449592199281511e+01 3.673138353992693794e+01 4.167284395730546720e+01 3.846110190167726017e+01 4.097953174321609282e+01 4.024773952091180007e+01 4.366201417135212637e+01 3.720314946912798604e+01 4.490153622737442163e+01 3.469780871666259969e+01 3.872180558819552942e+01 3.783423283180967900e+01
2.241947889640303515e+01 2.161705470719231670e+01 5.924564600414224458e+01 5.961943701924556649e+01 2.494137774071709401e+01 5.166383776129703875e+01 5.796316478750571832e+01 5.465695701739456069e+01 3.697767688534018049e+01 1.350926324879190688e+01 2.673311957563324626e+01 2.329947384791800147e+01 5.377442288809652382e+01 2.411108365741993609e+01 5.560296488939194859e+01 5.265909614668012750e+01 5.328810379583985224e+01 5.591751154373924493e+01 2.697449774297956893e+01 5.646165038162038030e+01
3.708858757414344609e+01 4.196122852200871023e+01 4.352008370857981134e+01 4.514117416384515735e+01 4.919734169622455511e+01 4.745659652671404416e+01 4.881351302220470245e+01 3.269578284025533321e+01 4.182346256139176432e+01 4.857776506275862971e+01 5.168804522690133751e+01 4.826462831844168733e+01 3.267734750741905714e+01 5.027004709855206954e+01 3.389435808418784291e+01 2.574985851119974711e+01 3.541196459829068033e+01 2.071337571987612591e+01 4.741014875581419119e+01 2.986694187657982269e+01
2.811838608270624462e+01 5.993369221575703421e+01 4.440489199085167371e+01 2.791325525491185999e+01 6.640674048348357417e+01 3.410061902143240786e+01 3.075903247695164566e+01 1.579969989972335043e+01 3.259721169305548472e+01 4.706790274112726991e+01 6.558939326854701335e+01 6.535814676389975375e+01 1.717675366694000871e+01 6.365584767813204792e+01 1.819474440222966294e+01 1.214493120317431618e+01 2.214917500132571959e+01 1.150921601606307476e+01 5.857763043686692583e+01 3.449657277145037426e+01
2.213060302676531421e+01 3.127663158332642368e+01 5.688590357352737215e+01 5.317106695535272110e+01 3.553735454275556549e+01 4.935046124643658061e+01 5.238968775912258735e+01 4.564120732595123542e+01 3.725494809064448987e+01 2.808701796889980429e+01 3.559142637091409256e+01 3.432289659876041554e+01 4.530780729566009768e+01 3.526818219461156900e+01 4.710277014718793964e+01 4.362932158841295660e+01 4.555819967942320403e+01 4.244399141391332364e+01 3.310438532690675117e+01 4.481863782278892927e+01
1.769211974557878264e+01 3.495458126563177359e+01 5.826580543251556321e+01 4.934772788801603838e+01 3.861308513504526729e+01 4.624270939552260984e+01 4.729800464906200830e+01 4.214608689365665128e+01 3.430573539972926511e+01 2.375984987752008237e+01 3.757091070024041812e+01 3.707124512783842363e+01 4.176482108071995469e+01 3.732811150066302730e+01 4.461888707280048294e+01 4.272939479120406503e+01 4.475696997830630863e+01 4.426443307978285446e+01 3.499626729947367920e+01 4.941823814629502465e+01
2.500780558025615719e+01 2.813263364080292206e+01 5.842668213131175037e+01 5.772140572062109953e+01 3.268376846122954049e+01 5.215642796868732489e+01 5.632916269982893454e+01 4.941286900268632820e+01 3.664956518286531661e+01 3.556092484174283186e+01 3.301797429019517693e+01 3.192857197703658656e+01 5.043562973096862834e+01 3.300990310933607930e+01 4.822571465906149513e+01 4.386742599528600550e+01 4.339720170260071086e+01 3.865251800939176974e+01 2.937084671897810750e+01 3.864319053821125038e+01
2.047490519453262436e+01 2.447178156957470918e+01 6.213925965234091109e+01 5.674292559116872781e+01 2.738103837120572592e+01 4.764307876871324510e+01 5.502043223938894556e+01 5.277511360919721994e+01 3.258111784761528895e+01 1.461064857913268256e+01 2.845661733634123181e+01 2.623216837870224438e+01 5.376586269357395764e+01 2.490670166509145744e+01 5.198499043408723708e+01 4.905921239267932066e+01 4.682776595937985320e+01 5.198138250847792108e+01 2.688519639660272986e+01 5.643586819615422456e+01
1.187449482063957973e+01 1.976308417882789570e+01 7.133466443611638397e+01 6.113277906711978460e+01 2.119375380225832473e+01 4.875581976491377389e+01 5.828836995152342837e+01 5.980349427511831095e+01 3.059152547112242360e+01 1.048340285915916681e+01 2.023962136641633336e+01 2.076499546854426725e+01 6.152850731466173073e+01 1.819760135320866112e+01 5.833904678169148639e+01 5.707173036137811550e+01 4.896756255754318232e+01 5.829115706297440624e+01 1.773770459485987061e+01 5.759893424460312161e+01
2.870196972840561500e+01 2.311469011281892350e+01 5.349561005058885144e+01 6.117948447671468415e+01 2.820202075017664711e+01 5.659914873349711684e+01 6.090586781081093903e+01 5.257844139627262336e+01 4.325300115068662166e+01 2.974718438240276441e+01 3.023185219093815590e+01 2.665454228813901949e+01 5.092730909374986936e+01 3.033523253845770995e+01 5.402719051825030760e+01 4.926461821556508625e+01 5.301357411499773065e+01 4.624383145411840701e+01 2.982935891953331975e+01 4.213230493742512550e+01
4.310075080063705855e+01 4.100809928555336370e+01 3.418188165702322578e+01 4.746877872283836552e+01 4.970140237874144873e+01 5.473117147612885702e+01 5.150588790766087044e+01 3.110862106521008741e+01 5.124020756141072752e+01 5.194085691229470569e+01 5.366564593227867874e+01 4.758840438002264506e+01 2.711154851858954373e+01 5.448383508352057447e+01 3.650477596341568187e+01 2.801986606118602907e+01 4.616472308593439777e+01 2.322986837827671280e+01 5.252608174908642980e+01 2.636818755808437942e+01
4.440390549923999686e+01 3.112094397610012564e+01 3.409587502604886566e+01 5.639052324574650754e+01 3.978640572291059385e+01 5.988910582746487421e+01 5.657531941671498998e+01 4.051298150635555118e+01 5.102690683601233701e+01 4.572337628854211289e+01 4.438567840294807354e+01 3.634722777432233443e+01 3.579286322384473351e+01 4.536055481938743839e+01 4.403656076179997569e+01 3.684251457643059524e+01 5.220349884569704102e+01 3.258854184218373007e+01 4.644588367527057926e+01 3.202744536587214697e+01
6.002271046522041331e+01 2.257843532631981986e+01 2.286259223319381917e+01 6.997157104206380041e+01 3.493648645883143189e+01 8.000000000000000000e+01 7.592903902641049285e+01 4.667635287162227797e+01 7.456511541616866623e+01 7.683764651207090424e+01 4.215263872415592061e+01 3.225903428197449330e+01 3.807759819351350927e+01 5.023867239320599509e+01 5.462469631678060011e+01 4.265630775451770518e+01 6.724202744199715198e+01 2.402884603341261993e+01 4.466444647744167185e+01 0.000000000000000000e+00
3.569937269542334946e+01 3.982129749977683275e+01 4.161649096638191736e+01 4.611992174939100408e+01 4.666220487370379999e+01 4.992212619278593877e+01 4.936394868655099799e+01 3.358763005410824576e+01 4.517613153325032727e+01 3.826780675691304623e+01 4.982621146122144040e+01 4.491969591829222708e+01 3.071790528185735880e+01 4.853591666535179883e+01 3.823111608126119165e+01 3.132402890393576200e+01 4.537088053786946773e+01 3.107896438438843134e+01 4.841531158073928509e+01 3.776049841708999821e+01
2.380168235673682631e+01 2.581784938455093226e+01 5.683125966673942742e+01 5.694443164552112080e+01 2.984143342604451021e+01 5.165508118828356743e+01 5.643131857456621958e+01 5.027339304211256632e+01 3.903762334477275431e+01 2.124578538784679438e+01 3.135538560917894202e+01 2.843145715338074098e+01 4.918212421815908186e+01 2.990418177042690218e+01 5.220798015281717852e+01 4.860733678109645695e+01 5.131491422440468853e+01 4.968485538127124101e+01 3.051848974522092917e+01 4.991123350144037829e+01
2.530913590553512904e+01 5.570713934325615213e+01 4.945472419452292456e+01 3.179270330747669959e+01 6.121190067445439809e+01 3.468450194932294295e+01 3.234978002128369923e+01 2.100228106259479688e+01 2.866276310144737138e+01 4.225335750769336585e+01 6.008497316827769907e+01 6.021404151247362080e+01 2.329711650521086597e+01 5.749997267318186545e+01 2.136857431841219324e+01 1.640452226021416138e+01 2.274307847345644973e+01 1.644341203589777223e+01 5.309668889026996652e+01 3.884943629199986503e+01
5.254185391743893518e+01 4.972345999831726004e+01 2.055090116817062196e+01 3.904287550943674034e+01 6.052716438897231654e+01 5.259838559767999300e+01 4.537862097088660107e+01 1.913951877644659660e+01 5.607125735879404971e+01 5.675024876942836016e+01 6.668195962661083342e+01 5.733170699091948563e+01 1.295518157280362814e+01 6.639757927260195913e+01 2.750402644998824897e+01 1.718677237782260292e+01 4.465051593286338516e+01 1.511574797304808726e+01 6.712497478651371807e+01 2.457532023531850029e+01
3.924869170471556856e+01 3.330728226625770816e+01 3.887794595964352595e+01 5.204783990218403744e+01 4.066381526567782601e+01 5.512993881146864084e+01 5.472558172289288336e+01 3.897416173367918191e+01 4.926603598152373564e+01 3.677526667977186747e+01 4.512402440181569574e+01 3.824286035230143455e+01 3.472776468043063147e+01 4.428887159312951383e+01 4.403766020209068444e+01 3.698610466764368709e+01 5.206194627075792880e+01 3.646155623928630973e+01 4.600467517736103673e+01 3.833195700124795025e+01
1.965457233185757246e+01 4.746555042745654873e+00 6.915990886869739995e+01 7.474498501170013753e+01 6.607266801539381618e+00 6.207625547105038777e+01 7.547079148608604271e+01 7.265429083780810515e+01 4.410625939536354423e+01 7.016388935118943238e+00 9.739624530040600803e+00 6.662878325665253954e+00 7.094707550302179300e+01 8.084802472474969193e+00 7.464994940522588251e+01 7.123556267260781283e+01 6.888583834096374403e+01 7.183963673178173792e+01 1.032317082207776338e+01 5.576458198508134956e+01
1.976160028685414005e+01 3.103401320115616713e+01 5.833143910883143946e+01 5.048247509456648885e+01 3.423608855642793714e+01 4.433325494072234108e+01 4.846114117443209324e+01 4.558305310284255540e+01 3.187468945351690053e+01 1.324559333125612781e+01 3.479097950832529307e+01 3.243505267462995079e+01 4.554836423360872288e+01 3.121551861392702776e+01 4.639390755850991610e+01 4.403826451005252807e+01 4.495524125917897607e+01 4.960661609880541789e+01 3.379665209787832225e+01 5.890591943252478302e+01
5.345632409699811660e+01 4.487766000560433355e+01 1.817105476930851893e+01 4.705821124769250474e+01 5.700347460011826684e+01 6.151883608717317031e+01 5.047784264253769493e+01 2.389236723060011158e+01 6.159184614263165969e+01 7.014373959326692898e+01 6.146603689707141882e+01 5.277583306426697618e+01 1.672112317285742478e+01 6.698616444927864677e+01 3.260914624551175223e+01 2.334641481757505233e+01 4.961498706565161854e+01 1.375522726272267349e+01 6.291203382610837025e+01 1.243090725265232166e+01
2.920296139004207703e+01 3.109393947347431109e+01 4.623285839400767827e+01 5.188758868014200942e+01 3.672379192210347298e+01 5.217070902643180830e+01 5.337346801674969754e+01 4.254609501352683054e+01 4.573302899905411323e+01 2.392854761550651688e+01 3.925561960144709417e+01 3.429142443058350409e+01 3.859592757123616735e+01 3.860540015117435786e+01 4.836274324812177383e+01 4.382369813714586115e+01 5.434316467428452313e+01 4.646933335648651564e+01 4.051866156712951295e+01 4.793690713875634657e+01
4.065329734871087908e+01 5.109700346290203754e+01 3.417479533317374063e+01 3.827975058683148291e+01 5.985024844558400048e+01 4.799777690159269383e+01 4.359117091214692152e+01 2.168366762708266293e+01 4.790828486406815756e+01 5.675413024625254366e+01 6.240347298558602063e+01 5.827838062290040000e+01 1.896749817258478643e+01 6.307505531206821558e+01 2.735924716800079537e+01 1.867255719895366894e+01 3.710824796747805721e+01 1.378316745853762626e+01 5.867100627790523504e+01 2.349024177909200617e+01
4.952107858074233349e+01 6.445050225430012603e+00 3.341634226623746429e+01 7.657078253998983541e+01 1.504755313319002141e+01 7.621051401850985485e+01 7.924548698331533103e+01 6.284617315878100641e+01 6.678605979757145406e+01 3.041835073807786927e+01 2.390512417246128152e+01 1.122111734117210347e+01 5.336522761199545073e+01 2.546344385915142183e+01 7.014956284793223062e+01 6.210806745254426176e+01 8.000000000000000000e+01 5.889986581396127718e+01 3.230478024953094973e+01 3.825794035363711743e+01
1.566143590378712602e+01 2.955987070459943311e+01 6.604231902633853224e+01 5.227918927216658318e+01 3.171359036824224731e+01 4.426156010708069743e+01 5.167754659064658540e+01 4.894869645826297244e+01 3.051964706368092095e+01 1.492654768517190789e+01 3.158829417530529682e+01 3.152922536658790875e+01 5.048012296582666636e+01 2.809818428668285151e+01 4.889935381838003536e+01 4.624014955514319780e+01 4.375461371728122373e+01 4.938795447866286281e+01 2.785017390445126040e+01 5.556511900616112598e+01
3.319744752406096211e+01 1.653997450449303486e+01 4.803668545610560869e+01 6.577121702683868421e+01 2.201808673640248415e+01 6.236527444099694861e+01 6.613803638564687049e+01 5.648006664167257185e+01 5.047969051048357869e+01 2.025106730913736186e+01 2.684019502432190762e+01 1.949038045322659229e+01 5.133530925517973031e+01 2.631131950079841175e+01 6.152535462127519139e+01 5.669984179953179648e+01 6.653120394172819374e+01 5.812730878174922822e+01 3.051149100076898435e+01 4.898950524562614817e+01
3.428365945935096448e+01 1.097801015413553571e+01 4.605715915279652961e+01 7.381892381268579584e+01 1.754412997189989909e+01 7.071541954856598977e+01 7.195206391687652570e+01 6.213584761076388929e+01 5.585531906643055322e+01 3.096349135872320346e+01 2.100020266871571550e+01 1.415722619948961736e+01 5.597045869703289611e+01 2.536688941400534603e+01 6.718962924846424301e+01 6.303547725817234948e+01 7.153236022741120337e+01 5.773054020254835450e+01 2.588801619691458455e+01 3.872038216438628666e+01
3.219944026716987651e+01 3.748544323653515420e+01 4.361373469465308972e+01 4.553047284891019331e+01 4.303617651306985437e+01 4.731482791363369245e+01 4.730112080934809882e+01 3.552684745180522441e+01 4.174501367985461542e+01 2.081233124942819757e+01 4.694380680745960177e+01 4.067027258322985261e+01 3.169887897275918931e+01 4.287055941137127490e+01 4.073574944939762332e+01 3.543959276616304521e+01 4.957882366187148904e+01 4.259893015312726305e+01 4.781163773975983844e+01 5.306946556426228767e+01
4.569445830204993797e+01 6.395556577815033705e+01 2.406481775950816981e+01 2.685242673099749666e+01 7.427627287767006692e+01 3.974348567082620320e+01 2.896712054217454835e+01 7.356302403509502597e+00 4.089049886317553018e+01 6.273627624211307818e+01 7.640600507887286597e+01 7.081168263489254855e+01 5.600357080580515401e+00 7.556003884547808980e+01 1.088687983036200535e+01 2.504539691219505926e+00 2.308291169377135787e+01 0.000000000000000000e+00 7.301748476606022109e+01 2.488037980978544539e+01
8.130317646492212447e+00 0.000000000000000000e+00 8.000000000000001421e+01 7.894889135959749638e+01 0.000000000000000000e+00 6.130874212737148810e+01 7.547327922242746467e+01 8.000000000000000000e+01 3.749505678794473340e+01 6.482762233780903216e-02 0.000000000000000000e+00 0.000000000000000000e+00 8.000000000000000000e+01 0.000000000000000000e+00 8.000000000000000000e+01 8.000000000000000000e+01 6.870666937307791500e+01 8.000000000000000000e+01 0.000000000000000000e+00 6.112300827072694176e+01
3.917705496158139056e+01 1.574821099206942776e+01 4.920733472583139445e+01 6.983606341900414805e+01 2.220283952100095348e+01 6.509557996365845156e+01 7.082980660731314515e+01 5.864771241605112095e+01 4.986581499147082752e+01 3.942622416038064159e+01 2.714491636854063472e+01 2.092016784462694545e+01 5.634808508521314252e+01 2.735326082024840133e+01 5.906260380595862358e+01 5.170371039145295811e+01 5.800614904175808562e+01 4.425301076474896433e+01 2.736852245320480392e+01 3.306442893589893828e+01
2.789788571527257943e+01 2.909664384002086734e+01 5.165736408770005283e+01 5.573195426486416437e+01 3.449214503057578440e+01 5.259716680859808235e+01 5.465544766414537037e+01 4.643083556116701516e+01 4.042708272982758899e+01 3.237614280525908583e+01 3.566448419017901728e+01 3.254552398188214113e+01 4.545527104563296206e+01 3.584188901602630750e+01 4.782993307678773931e+01 4.360158429810612546e+01 4.742795070880232799e+01 4.111870972403750102e+01 3.454642715578070522e+01 4.183397142536087188e+01
1.649323526840462861e+01 2.208094383821393336e+01 6.251941028492463204e+01 5.916286553469451803e+01 2.496906463400002707e+01 5.034256580894913213e+01 5.589432350917084591e+01 5.515547946717933314e+01 3.498914184584972986e+01 1.341543794331585815e+01 2.468008182040682996e+01 2.306703990140977822e+01 5.493269921036394976e+01 2.388917501638536223e+01 5.616136628643593554e+01 5.503556522162192266e+01 5.188856643062079854e+01 5.710805091168403180e+01 2.442311649827471598e+01 5.642541575908444429e+01
2.906808600666062148e+01 5.024933739121048148e+01 4.151427266050859544e+01 3.541288667057929729e+01 5.664279637761590891e+01 3.957500617331342596e+01 3.491986319691682183e+01 2.381106311895456429e+01 3.513855352447902192e+01 3.350698851660098398e+01 5.705706964141505466e+01 5.366469165022421350e+01 2.238621916149376290e+01 5.506317263774890591e+01 2.719867273741358105e+01 2.296289913161731278e+01 3.400849758127832700e+01 2.673906121482337994e+01 5.528086349912399555e+01 4.589311098579423742e+01
3.068313429636085488e+01 3.977950026582956156e+01 3.844061053551543949e+01 4.364460671764756938e+01 4.635094880590330746e+01 4.866913661422491799e+01 4.507470116829234996e+01 3.230225445071118884e+01 4.667546901307591867e+01 2.409937499852801679e+01 4.887488576608125612e+01 4.280893476093692129e+01 2.647450810659912435e+01 4.821152308076955251e+01 4.068282655982620355e+01 3.652196575708792636e+01 5.252516603337031853e+01 4.232210025908018025e+01 5.135750185829601122e+01 4.971484272948399763e+01
3.851901427583608495e+01 3.945399238194312375e+01 4.085723864589452603e+01 4.800438706379845399e+01 4.667026796366536701e+01 5.177861910608637430e+01 5.009265026631468487e+01 3.392139327756820677e+01 4.448153745119221725e+01 4.355461697070217753e+01 5.041118456207398424e+01 4.495436341504235145e+01 3.134967095988015728e+01 4.903722741809198737e+01 3.714838435605861378e+01 2.988213967587955722e+01 4.406784184134168925e+01 2.796278520589773109e+01 4.853063140341288317e+01 3.427003906665289890e+01
1.617856118252012720e+01 2.233047863484474505e+01 6.689303251915576709e+01 5.759066976433671670e+01 2.418793074859560832e+01 4.602652568173625269e+01 5.544098719285665311e+01 5.606700350805625277e+01 2.977045932979991605e+01 7.114532376309824713e+00 2.479371092538940502e+01 2.338706431181344669e+01 5.740397563797800018e+01 2.020820171659324060e+01 5.436869642253289214e+01 5.213539708466668543e+01 4.685926496965977606e+01 5.666118959576172642e+01 2.321687817357877037e+01 6.196536237561245031e+01
2.030333141764131000e+01 3.570410565086107368e+01 5.675443221522262149e+01 4.814954232683260926e+01 3.989477804993435228e+01 4.391567310738731322e+01 4.638755065563811542e+01 4.140151293340036176e+01 3.255020321708549602e+01 2.689140845653319900e+01 3.892010420928328074e+01 3.825719924098731894e+01 4.246524867775154632e+01 3.788721765887470383e+01 4.177546906153493467e+01 3.898224492889007564e+01 3.883905457246581250e+01 3.914094577770727312e+01 3.590049107391158145e+01 4.779536606065455118e+01
4.785199581123138302e+01 2.662387411668316517e+01 2.940601829766603004e+01 5.911340399532450363e+01 3.563718359499404187e+01 6.430315320259605016e+01 6.096964678521228365e+01 4.281781951244723672e+01 5.826880962798517061e+01 3.806585637125824917e+01 4.257452555590674592e+01 3.163164087728017293e+01 3.490396711310465605e+01 4.308669181083044464e+01 5.008846393602567559e+01 4.254089628776560517e+01 6.370493870371861078e+01 4.189995321803722561e+01 4.775828503030261629e+01 3.687116234342886401e+01
3.312713262441348405e+01 1.937312538841155174e+01 5.261953697217961690e+01 6.335608457191305831e+01 2.426155721810008004e+01 5.839026098349746263e+01 6.515118802341629589e+01 5.510703946464232672e+01 4.572054778059770541e+01 2.364892028624259268e+01 2.920089803488064106e+01 2.319877313297350341e+01 5.255845066528216591e+01 2.651159614652225116e+01 5.738311904505449945e+01 5.124055111074378033e+01 5.844095897667969552e+01 5.147938441858912739e+01 2.965184662806242244e+01 4.659244457558339292e+01
4.887949458075793530e+01 4.354285291797252455e+01 3.130302869134233390e+01 4.998875659530850157e+01 5.432437725597058886e+01 5.945321564322868824e+01 5.420184517312687689e+01 2.910976407747391193e+01 5.460239710464130525e+01 8.000000000000001421e+01 5.718913687761505571e+01 5.277851606030156262e+01 2.696874689678045200e+01 6.234103856902724061e+01 3.246208747604562461e+01 2.216371043146548203e+01 3.886904554795376043e+01 5.600450367260027207e+00 5.266247965684618748e+01 3.004406788214218693e+00
3.982054299828739374e+01 4.943783782796889170e+01 3.824224801091602899e+01 4.368692914082174639e+01 5.845988312804482234e+01 5.163273561830706626e+01 4.574921244232442064e+01 2.518402736351466586e+01 4.499998530968044719e+01 7.181121826198801728e+01 5.900995693246204610e+01 5.717675287033078746e+01 2.482421561204908045e+01 6.278384810665784954e+01 2.718583269022531113e+01 1.903871182338548351e+01 3.194919498546877534e+01 6.322684280458886974e+00 5.282627603342065470e+01 1.156568188019763355e+01
2.342407020106845650e+01 2.304317830892700414e+01 5.822787394811610540e+01 5.877999003563395775e+01 2.652381876652325587e+01 5.202897568292555519e+01 5.757986211495356343e+01 5.301384099539291128e+01 3.788841121327011052e+01 1.514455104203125657e+01 2.878931154248028434e+01 2.504787299536842582e+01 5.162938485378837328e+01 2.598079614852049701e+01 5.451957401155262062e+01 5.127474195216649377e+01 5.366362615842097483e+01 5.460049003647811361e+01 2.876928950459490864e+01 5.510161247021679287e+01
5.680123904161623472e+01 2.976559110096248162e+01 2.281489954928371233e+01 6.142232793323223206e+01 4.148564923238830460e+01 7.221134734964873303e+01 6.713359001341930821e+01 3.940015416683520755e+01 6.907228296967208792e+01 6.894224671094217172e+01 4.825490712731553344e+01 3.855133546308529446e+01 3.128667330108425659e+01 5.401314900828836585e+01 4.774034691888577697e+01 3.665443013288950880e+01 6.189349813723076466e+01 2.346311061952638255e+01 5.050117518089845703e+01 8.726207220089523986e+00
4.023248246244073556e+01 1.153095840911292669e+01 4.920657441782903874e+01 7.260825341986740966e+01 1.770398186660603912e+01 6.741273348543047916e+01 7.506226702620497804e+01 6.231082075021333821e+01 5.304487809249145869e+01 3.299269506244650074e+01 2.386836154351600570e+01 1.657299872985450762e+01 5.876692300693447635e+01 2.329367701365235277e+01 6.402188487378091963e+01 5.612240780424596664e+01 6.432069244774643835e+01 5.067266068965594172e+01 2.548867548280619388e+01 3.686051009685835567e+01
4.021482934546261845e+01 3.666348484503375715e+01 3.622526659169474783e+01 4.871353172356129591e+01 4.425599413089619105e+01 5.232014151829973514e+01 5.003685565718023298e+01 3.516854377724618530e+01 4.642416464560179890e+01 3.565367695012142946e+01 4.867873140080316574e+01 4.113541451467689569e+01 3.106106185833229461e+01 4.692018038455400841e+01 3.952004028750109654e+01 3.285433458477581325e+01 4.851654467811032845e+01 3.424480329647384025e+01 5.008636884107690435e+01 4.136348860255312587e+01
3.370137576567432802e+01 2.477106535273750865e+01 4.740950761888973375e+01 5.981865649829035192e+01 3.085875912620182504e+01 5.851890677561079457e+01 6.130779046762845041e+01 4.916720456595948718e+01 4.835856542525313273e+01 3.247269723659901075e+01 3.441498747034292194e+01 2.904868124388583084e+01 4.578275439218919729e+01 3.459410169201115792e+01 5.304716015392357065e+01 4.718029226853583680e+01 5.648490459091988924e+01 4.481993367371059378e+01 3.496745704828787638e+01 3.972447835815447093e+01
4.801358632418762795e+01 3.783139907064749963e+01 3.084947952911827684e+01 4.956471789487856228e+01 4.684495367053896331e+01 5.739779158502530265e+01 5.512452056640066900e+01 3.281510549691186185e+01 5.510858665398312439e+01 4.756152998254056286e+01 5.321154163049018848e+01 4.467171078600137690e+01 2.717808305865323604e+01 5.243002634652769700e+01 3.945904617825515714e+01 2.977387826223661449e+01 5.202363043667836706e+01 2.744947818931473194e+01 5.377555879983204079e+01 2.940593930520996224e+01
3.861863717224328241e+01 2.981900257970515966e+01 3.920573426174375697e+01 5.583158092503948922e+01 3.736186124741139736e+01 5.713053430336070448e+01 5.579297094579533933e+01 4.262362078574392399e+01 4.821140138994648083e+01 3.785032418474369820e+01 4.104265470390162562e+01 3.413876112536962637e+01 3.870587220958015706e+01 4.153355353081022372e+01 4.628242711993942748e+01 4.034233240207984039e+01 5.237297283902319833e+01 3.813789398527438834e+01 4.283657442037490171e+01 3.806275660674353389e+01
4.981370883312997933e+01 6.056442237323994959e+01 1.859863338182756465e+01 3.206572548703135794e+01 7.246279897412804871e+01 5.000640073555467069e+01 3.796059313519918277e+01 9.172065547922212403e+00 5.563646337771028527e+01 7.431358201305575051e+01 7.533256929223182397e+01 6.926353990250926529e+01 4.012253111313867748e+00 7.932249596278012405e+01 1.826549401678347095e+01 8.468058219659297947e+00 3.563473711039330283e+01 4.226708545478317092e-01 7.280415230722417164e+01 1.083106114909544715e+01
5.537311766407012925e+01 4.626051547712174283e+01 1.685806965791916667e+01 4.545042519308542239e+01 5.881677841668714279e+01 5.792650327708216906e+01 4.715199816050861159e+01 2.271809888005241973e+01 5.665087123573783856e+01 7.259004768103901029e+01 6.290895999196041544e+01 5.400799375528065127e+01 1.753488052945450804e+01 6.733439225193774291e+01 2.798239470547825647e+01 1.862176530342925318e+01 4.117526419999842346e+01 8.183315492334461538e+00 6.409024270563834591e+01 1.285297779495345694e+01
3.265221075662066141e+01 5.537499738689879081e+01 3.814382245414123673e+01 3.135636168155688708e+01 6.238031223696702909e+01 3.918380903663749848e+01 3.354518218633700144e+01 1.773635545865506202e+01 3.812297801775666528e+01 3.932124063654435275e+01 6.395587011367246077e+01 6.002628009270159026e+01 1.575711789745886549e+01 6.157525075123501779e+01 2.315319870907142885e+01 1.746374554514317268e+01 3.361464334995505965e+01 2.124156027408201197e+01 6.092903864775118450e+01 4.103156377222514095e+01
3.759659314704556010e+01 4.811504977758153956e+01 3.468313637840452657e+01 3.855924355701617401e+01 5.581410064891350942e+01 4.751695621608539000e+01 4.271929590303102486e+01 2.367878830239300569e+01 4.736980834420035080e+01 4.014945493605689819e+01 5.920276552327763397e+01 5.341204904721621460e+01 1.910244321414748825e+01 5.817277864716412239e+01 3.153188751506870346e+01 2.458438599403531555e+01 4.498979792990880355e+01 2.691197841488216369e+01 5.836066612925742447e+01 3.750972619247338002e+01
1.990591251353796309e+01 1.975510470035488453e+01 6.362704682157971092e+01 6.418412836959980439e+01 2.318681075627450738e+01 5.631553713427754104e+01 6.312041332664723825e+01 5.827217251595160974e+01 3.997529610783658427e+01 2.604102112401359648e+01 2.318630779027893496e+01 2.261314325576714879e+01 5.813010397140098462e+01 2.436057577773804539e+01 5.896591830484736363e+01 5.577852806971525013e+01 5.359482570788270550e+01 5.146889810537842891e+01 2.102539357736881698e+01 4.341046338870113175e+01
1.729714650510140928e+01 2.309508525818439040e+01 5.958209384820523269e+01 5.629300100492685743e+01 2.595314295992463016e+01 4.929089736961734047e+01 5.503688138979321565e+01 5.277392269555295456e+01 3.792006163953058717e+01 5.523284624767835993e+00 2.700179757586596452e+01 2.389438558486266118e+01 5.072471682376897206e+01 2.483815480345993620e+01 5.672957807241733974e+01 5.528795957261179694e+01 5.652136604151833410e+01 6.184253883833038401e+01 2.824874804547848228e+01 6.241984960123493664e+01
3.859328692145403039e+01 4.658305999553943622e+01 3.512774656503076187e+01 3.750289481984471252e+01 5.360585268489382571e+01 4.352155213100834885e+01 4.078659578577139655e+01 2.492113597054323293e+01 4.233723511428249964e+01 2.832903682489827446e+01 5.843592831657466746e+01 5.084517839531864780e+01 2.087326864211722821e+01 5.332217163534372162e+01 3.064356741808945728e+01 2.374190937110317989e+01 4.289397887165998213e+01 3.140465402311010479e+01 5.888351445646407001e+01 4.914131139433824558e+01
2.875692117426249794e+01 2.504677922875166729e+01 4.909544399037277884e+01 5.908943832669512375e+01 3.071707095445975355e+01 5.646197933539419012e+01 5.768760895344422579e+01 4.945686294719016018e+01 4.471349835688674546e+01 2.836448835000818747e+01 3.246651576387962734e+01 2.801547835971268796e+01 4.642055248485199570e+01 3.358078615512183518e+01 5.274435477057804178e+01 4.898735722301081807e+01 5.493222471587112921e+01 4.757720258880195274e+01 3.378247062888036822e+01 4.418224933607503147e+01
2.402147385944308411e+01 3.619843930788213271e+01 5.087316887791142506e+01 4.570435684288242584e+01 4.062383017402031982e+01 4.380256935230754323e+01 4.554384903357835412e+01 3.868365429341386630e+01 3.616258385956835042e+01 1.749013193659409282e+01 4.194671890282415916e+01 3.832578728712953620e+01 3.718879042605932739e+01 3.877880587153214975e+01 4.210665219851518515e+01 3.881392827639622567e+01 4.521909901611812188e+01 4.497946895106247922e+01 4.163141752021629571e+01 5.585103099502624957e+01
8.000000000000000000e+01 3.059594251265898990e+01 0.000000000000000000e+00 6.084072835836575877e+01 4.597350449152650498e+01 7.797747978325908491e+01 6.896138165371633022e+01 3.265643299421205370e+01 8.000000000000000000e+01 7.405515766345808970e+01 5.919779844639423061e+01 4.103730155351642850e+01 2.001736139816467386e+01 6.185185692235232580e+01 4.301665705391317118e+01 2.757345710136133832e+01 6.796041287768812822e+01 1.783323745222368117e+01 6.674335992806727802e+01 7.200404629227495690e+00
2.549486843362864619e+01 4.106433022495212981e+01 5.310426192884534657e+01 4.371927864704117184e+01 4.563479265515885430e+01 4.199116451354640844e+01 4.357590137319082402e+01 3.532566011676388484e+01 3.209563469681074110e+01 2.893586644104476591e+01 4.643019785877895345e+01 4.447336189722639688e+01 3.603121112339484000e+01 4.291577359105524891e+01 3.564604394632884521e+01 3.108434872811452010e+01 3.591329423078584426e+01 3.328419432324511718e+01 4.268935184441564701e+01 4.737746541593492822e+01
4.515376041377516714e+01 2.574887190359631006e+01 3.830088845707197720e+01 6.226749096810613082e+01 3.433599340803689870e+01 6.303672934455099153e+01 6.263010098591661290e+01 4.673259965987611508e+01 5.124364998416221084e+01 5.175926073485450729e+01 3.903427827761804281e+01 3.173063739142205719e+01 4.377452422989716752e+01 4.071219646516952650e+01 4.824497244734344292e+01 4.039072092105755019e+01 5.177808191756464140e+01 3.167234157553253127e+01 3.950625243920332252e+01 2.592297603373141968e+01
4.240014813760637935e+01 4.933821650387682212e+01 3.843469740658152034e+01 3.915448674102643167e+01 5.727238567871393116e+01 4.560008221499528958e+01 4.469727550158386009e+01 2.403141965739936836e+01 4.266717574146004921e+01 5.347380253667667205e+01 6.141231045723417026e+01 5.669114553333803030e+01 2.345420456667387299e+01 5.837860968193314903e+01 2.656051661315725099e+01 1.686495172384413266e+01 3.297832196167022545e+01 1.359176795743197275e+01 5.611792780287508720e+01 2.730875894095527201e+01
2.332151707676766961e+01 5.992841368963461690e+01 4.844533467832275164e+01 2.485910338772739436e+01 6.472009612929991818e+01 2.894146433120769757e+01 2.725664298071088254e+01 1.594996143952956302e+01 2.741872646254272539e+01 2.979758731673770100e+01 6.439643086627964408e+01 6.365491911415270465e+01 1.733778352300538472e+01 5.896276857602403254e+01 1.865148435192309506e+01 1.392574590028707604e+01 2.340799402879250479e+01 2.093254570854357866e+01 5.827570828197924868e+01 4.967921650748683504e+01
2.401834467427995534e+01 6.867380927304432703e+01 4.491141514492279185e+01 1.786498354084459095e+01 7.430079324287513032e+01 2.406890862716635127e+01 1.889574407960757441e+01 7.169905424768238333e+00 2.343229889430620005e+01 3.830341977476108895e+01 7.261013215978340440e+01 7.266875115294925536e+01 9.911112612691614032e+00 6.773731527065211822e+01 8.720382058274012138e+00 4.246071470040718054e+00 1.348010741001189672e+01 9.968364619559135775e+00 6.511494679273087627e+01 4.555003449791775694e+01
3.822352111976881162e+01 2.877002806521914025e+01 4.133642018840728127e+01 5.757002373054148592e+01 3.622275673348931235e+01 6.007458502941957335e+01 6.065834955314744548e+01 4.423551702214614068e+01 5.305222264463495208e+01 4.210714458164994056e+01 4.007458283827418910e+01 3.427364128371485918e+01 3.976756262804413922e+01 4.172146347705535874e+01 4.959921895349116738e+01 4.245668510420278352e+01 5.590248674773849302e+01 3.749557133772550799e+01 4.049210623972783907e+01 3.153759671354283256e+01
1.918087846193486712e+01 3.357224295009871184e+01 6.147513709093338719e+01 4.807287778690174207e+01 3.637234112043200440e+01 4.191798527352582937e+01 4.830499764371054283e+01 4.377683439614364858e+01 3.061945486711920950e+01 1.611574601651910044e+01 3.705321362975621469e+01 3.585394242898573225e+01 4.522704059887654182e+01 3.250910920199524412e+01 4.425700597876854658e+01 4.083867804239291388e+01 4.119688384605668574e+01 4.556937329331866948e+01 3.352662277284285608e+01 5.600538699136804865e+01
6.306532676474665067e+01 2.372863284976114073e+01 1.633585406009719776e+01 6.660634509663469771e+01 3.640555827143514023e+01 7.670275356547918477e+01 7.022408753741046894e+01 4.344209246821713322e+01 7.184948883221611027e+01 6.526504488749837662e+01 4.491965487292291925e+01 3.180579103495650983e+01 3.359885761459541698e+01 5.033115233981916958e+01 5.144342900318499545e+01 4.039759995695295913e+01 6.768086593447954158e+01 2.881740686776756988e+01 5.102724475870448373e+01 1.292397221873311963e+01
4.495344134866608243e+01 3.689061773014311285e+01 3.494872524241333167e+01 5.278110761631187842e+01 4.573062113807172580e+01 5.959508424894173828e+01 5.614924520613745784e+01 3.521011135300150841e+01 5.329655217428449276e+01 5.535255174622528074e+01 5.033053895763698193e+01 4.380257033350980578e+01 3.078798482311355755e+01 5.198490265488006656e+01 4.028814576376177570e+01 3.159399312456737263e+01 5.008016594823065759e+01 2.472489932346516639e+01 4.927245256665563744e+01 2.282156533765551387e+01
2.455709038600067728e+01 3.136966334396942102e+01 5.871381555289198673e+01 5.024943695532603272e+01 3.491412856300463119e+01 4.239249291759467297e+01 4.972846471703246607e+01 4.566617810560245516e+01 2.950968586692518159e+01 1.903746367485161883e+01 3.666764501545680588e+01 3.402401078764427922e+01 4.785703744417646277e+01 3.084069866689191031e+01 4.317589066770847239e+01 3.864779045656232626e+01 3.754965030054215447e+01 4.198022823254017055e+01 3.369466440504901072e+01 5.481930162588847111e+01
5.283126542498288103e+01 4.785816385614455726e+01 2.035198060971845635e+01 4.239223538550454151e+01 5.910737949187991092e+01 5.528564298785330067e+01 4.668240647644680763e+01 2.146157976727326044e+01 5.601199181679308481e+01 6.248910554753706492e+01 6.430395496331188099e+01 5.545395670639848618e+01 1.554559106906938837e+01 6.593548642751449052e+01 2.840740671474008394e+01 1.856562335341256897e+01 4.390390954243231647e+01 1.308052932490215525e+01 6.491814993636458553e+01 2.004274536447673327e+01
1.553544029515367697e+01 1.343283449661606710e+01 6.844335811197461794e+01 6.663942686374375057e+01 1.520305684625537879e+01 5.405303307537759139e+01 6.331286979759188682e+01 6.454573852714946725e+01 3.491389772467441333e+01 6.199608145568230810e+00 1.601833126080248348e+01 1.405646032257880051e+01 6.441310561678677971e+01 1.396863162792651281e+01 6.441916091004415534e+01 6.317426095024210042e+01 5.784095126945327081e+01 6.597879065088855555e+01 1.614379282518553183e+01 6.065413045074020459e+01
4.081805312724328161e+01 3.781587580339554222e+01 4.108056022198197610e+01 5.126245659452780501e+01 4.587599911787334861e+01 5.368847094516623741e+01 5.271984006219725671e+01 3.626649835197729743e+01 4.437843929978495794e+01 5.557805325357702486e+01 4.866034229618520612e+01 4.426735465190775898e+01 3.563138422258074200e+01 4.925353227396927025e+01 3.681021883043588616e+01 2.881612274221212289e+01 3.903279446142324360e+01 2.052591344319067801e+01 4.538176095858789694e+01 2.437147410334054598e+01
4.317705338760085709e+01 2.892224308990918757e+01 3.424857473882640591e+01 5.683265779978193422e+01 3.713144405005633075e+01 6.239255457391708148e+01 6.085636908529962597e+01 4.177160429194159974e+01 5.816328566031585012e+01 3.861760874392017939e+01 4.301543467683840305e+01 3.434337327330259626e+01 3.459664250160064825e+01 4.401239191724508260e+01 5.012259415337580037e+01 4.250077773656041558e+01 6.269217957312783085e+01 4.102025372263067737e+01 4.600163586930430881e+01 3.467902967575626860e+01
4.643142023013150776e+01 1.350342196721742027e+01 4.228259498545316575e+01 7.385828247985563166e+01 2.159972917236194334e+01 7.254946444709268860e+01 7.681535586356571343e+01 5.939817402197522256e+01 5.928193390598421075e+01 4.897906019926866605e+01 2.794748078078984577e+01 2.016460760593658108e+01 5.466381478490232837e+01 3.040825651013425102e+01 6.200621936446388816e+01 5.277841573293629551e+01 6.462603334467381444e+01 4.156858869409195023e+01 2.944292313996727728e+01 2.326440069087620444e+01
6.031388254735283994e+01 6.050147054722977202e+01 9.923530349993420430e+00 3.109555655035426369e+01 7.336137304744693211e+01 5.030054966960260998e+01 3.785133321036101961e+01 6.721299134112761919e+00 5.719036324516243042e+01 6.997821979614363386e+01 8.000000000000000000e+01 6.942875649293141294e+01 0.000000000000000000e+00 8.000000000000000000e+01 1.548866215991317929e+01 3.643465841995194410e+00 3.720457347085421418e+01 3.197656693426154106e-01 8.000000000000000000e+01 1.653337724473553294e+01
5.808860645080671503e+01 1.811757353188237829e+01 2.681211006674622155e+01 7.160711727220822809e+01 2.943430879671193523e+01 7.683245137839318772e+01 7.583504013349855200e+01 5.154185517774498493e+01 6.867506895274649992e+01 6.496159555048832601e+01 3.708419539820323507e+01 2.648518746289286696e+01 4.435084283498242996e+01 4.225952109502141241e+01 5.679795979344503820e+01 4.562535650811793175e+01 6.556915037505595478e+01 3.076397260481592610e+01 4.052124407328710731e+01 1.105660862582214676e+01
3.419385628601882843e+01 5.433020471035329990e+01 3.795565768005653950e+01 3.223224126983274829e+01 6.149825632929254482e+01 3.993333708351635636e+01 3.590087629318585982e+01 1.885715659942549749e+01 3.984007936012437767e+01 4.109490858571267324e+01 6.348784339771107454e+01 5.954654429603336041e+01 1.699377862939655870e+01 6.096904995681939710e+01 2.413018924093933393e+01 1.747243900674576977e+01 3.369069816752554658e+01 2.001477372251423503e+01 6.016151939271384919e+01 3.865359940361458513e+01
3.183412012210426667e+01 1.923011448652670552e+01 4.812168760781030130e+01 6.139634216234647823e+01 2.400925511780778265e+01 5.859889478675204089e+01 6.303319381573683700e+01 5.348473683677258350e+01 4.915062647437561338e+01 1.073275878995261934e+01 2.955381703755474376e+01 2.163063167525240971e+01 4.761787212947197645e+01 2.661527549011419680e+01 5.979818750359035562e+01 5.498741790842559851e+01 6.721816158256790175e+01 6.156530703426199125e+01 3.373700191190292941e+01 5.711066963829168230e+01
2.172294459337161499e+01 2.825807915533070158e+01 6.010825981177821120e+01 5.385655556862476345e+01 3.144379559434268501e+01 4.869882586648701306e+01 5.544941254646264639e+01 4.847942598256167912e+01 3.763861093028248916e+01 1.763607674124308389e+01 3.323615073895305017e+01 3.111868644694670749e+01 4.784382809584454321e+01 3.011386192942018525e+01 5.092959085568539024e+01 4.675748785264802621e+01 5.010691335208117181e+01 4.978510036148388451e+01 3.091836508004926287e+01 5.220238476470846933e+01
4.225691158975605788e+01 5.026052400519857599e+01 3.086839489091642363e+01 3.820109320789505603e+01 5.939047447156316650e+01 4.687526033173317330e+01 4.089444026860933690e+01 2.157111883522928863e+01 4.546636087805478610e+01 5.293308081713816193e+01 6.213390585834420676e+01 5.645143746494856885e+01 1.884575876599051014e+01 6.211473687722175896e+01 2.611369467613572937e+01 1.831988088913476531e+01 3.593452938957840814e+01 1.557373711206320976e+01 6.039617939798129953e+01 2.894366219841087684e+01
2.367607548525928252e+01 1.435112670949554570e+01 5.456861097100461677e+01 6.840262670879025109e+01 1.913972089229637774e+01 6.201179036310631432e+01 6.500035176288578498e+01 6.078668833006990013e+01 4.664087450403022217e+01 2.154833797893564196e+01 2.015330037318875966e+01 1.608385812156101480e+01 5.714755351110762405e+01 2.325073964354176681e+01 6.438899882827317356e+01 6.260214150301858638e+01 6.406813127417841258e+01 6.024386599230409445e+01 2.320964845010573541e+01 4.755998095869011877e+01
2.641941687126786675e+01 1.600540826623615942e+01 6.024439333211745407e+01 6.634930728182081339e+01 1.967061271541532363e+01 5.681154394579343148e+01 6.496740992095507750e+01 6.063761125363288329e+01 3.919744456514849418e+01 1.975954285126633536e+01 2.252393370383025228e+01 1.863172376937605179e+01 6.011007576309785350e+01 2.015698065638648373e+01 5.969333523362992366e+01 5.541325253427077513e+01 5.491537186010024385e+01 5.464930220950389383e+01 2.228269115358660102e+01 5.013903363480449116e+01
4.602471382721330428e+01 5.226270895700395158e+01 3.050310390046575293e+01 4.049798849597110006e+01 6.248679302502058164e+01 5.112495775712717005e+01 4.383477214714665138e+01 2.040282508775498371e+01 4.801055343878704917e+01 7.291273521862592588e+01 6.472165249767810735e+01 6.053344396932659066e+01 1.872858095047516969e+01 6.744000961034501529e+01 2.365568894356925966e+01 1.427538694842123945e+01 3.201192527949571343e+01 3.297869843042796845e+00 5.994352042673828151e+01 1.171882260006774601e+01
4.506390300924810077e+01 1.389918269529610129e+01 3.868445929554560792e+01 7.326585815105664778e+01 2.257214746952441686e+01 7.303358241331180523e+01 7.398828071117047500e+01 5.799761359701510344e+01 6.036108113497569150e+01 4.799705201926623488e+01 2.784713632530226590e+01 1.961945408650434075e+01 5.221837164558959898e+01 3.239388846742917849e+01 6.212562847440055691e+01 5.465462130546121955e+01 6.678268623083813793e+01 4.406679784698324198e+01 3.133623542108956883e+01 2.503515153621441058e+01
3.904966028942209988e+01 2.519498155526856209e+01 4.312838252064519651e+01 5.882784463750757453e+01 3.181526770307587526e+01 5.852456356740824361e+01 6.148688643951442145e+01 4.743169100245006575e+01 4.987779643378590322e+01 3.092171070055434257e+01 3.738545108817650942e+01 2.985205198042088881e+01 4.322673042754436068e+01 3.557681553952600240e+01 5.158463959214503802e+01 4.444151042027971954e+01 5.736754584199024976e+01 4.425992288109764417e+01 3.887363489572148012e+01 4.170399914722160162e+01
4.405631031462041136e+01 3.002928633754543597e+01 3.494576987983711547e+01 5.241946949710987269e+01 3.733819581499042783e+01 5.557865025075212628e+01 5.724800698408971300e+01 4.039321020007650276e+01 5.238966702002581854e+01 2.424003753511816939e+01 4.493988932949927317e+01 3.468689373730695280e+01 3.396718298431128602e+01 4.058384503249587283e+01 4.705730157541415792e+01 3.874041931009138295e+01 5.879392007632340267e+01 4.435807260385954010e+01 4.864024776853190701e+01 4.830575190229829019e+01
5.360651616745249726e+01 3.075903757116413928e+01 1.820303486007098215e+01 5.497034999979315018e+01 4.149741691667310306e+01 6.568203876453335965e+01 5.871376561342020750e+01 3.592324663266506235e+01 6.589358263264780646e+01 4.024736073120816826e+01 4.949034707275146872e+01 3.623991433778321181e+01 2.491855662140741856e+01 5.118516507766107537e+01 4.743706030256586104e+01 3.906792920962210047e+01 6.824757996618434674e+01 4.002383916342451897e+01 5.730283937852284737e+01 3.518594801000853778e+01
