score: 0.771715462912183
Duration: 1188.2517611980438
timestamps: [35.16047477722168, 40.410256147384644, 51.66652798652649, 66.41565990447998, 73.61826801300049, 84.98270177841187, 111.88621807098389, 124.68287897109985, 129.14568877220154, 139.65690183639526, 152.20998001098633, 158.1458649635315, 162.85218858718872, 176.09588360786438, 189.42587280273438, 196.69881629943848, 210.32106232643127, 217.1784496307373, 221.353755235672, 226.84446835517883, 231.01037192344666, 237.21218037605286, 241.40935707092285, 251.52071166038513, 258.41397523880005, 264.03612518310547, 292.35236287117004, 324.7596445083618, 356.5424072742462, 388.4092381000519, 408.55493998527527, 431.20824933052063, 481.79010486602783, 496.0556175708771, 507.33033418655396, 528.1080420017242, 538.1229562759399, 548.0798017978668, 567.5822720527649, 598.3187386989594, 621.552499294281, 631.7748341560364, 655.5427594184875, 665.8053402900696, 682.547036409378, 692.8276386260986, 703.1114020347595, 719.965083360672, 733.4726932048798, 774.8179528713226, 808.060094833374, 840.8387639522552, 873.3105533123016, 923.8915338516235, 935.2190725803375, 968.8410775661469, 978.9073173999786, 993.6762149333954, 1016.95458984375, 1041.6779725551605, 1059.6421258449554, 1069.8339304924011, 1083.6503283977509, 1108.43856716156, 1120.1899998188019, 1138.3916418552399, 1156.9206347465515, 1173.5489783287048, 1188.2517611980438]
nauc_scores: [0.45784856166974874, 0.7911904022875051, 0.9103135552656265, 0.9103135552656265, 0.9103135552656265, 0.9103135552656265, 0.9239714446038183, 0.9288069972883544, 0.9311388287958084, 0.9326639914388613, 0.9327608502877012, 0.9339335008510328, 0.9399031768059796, 0.9195395716927353, 0.924208811961817, 0.9273258095654655, 0.9273258095654655, 0.9273258095654655, 0.9273258095654655, 0.9273258095654655, 0.9273258095654655, 0.9273258095654655, 0.9273258095654655, 0.9273258095654655, 0.9273258095654655, 0.9273258095654655, 0.9273258095654655, 0.9273258095654655, 0.9273258095654655, 0.9273258095654655, 0.9273258095654655, 0.9273258095654655, 0.9273258095654655, 0.9273258095654655, 0.9273258095654655, 0.9273258095654655, 0.9273258095654655, 0.9273258095654655, 0.9273258095654655, 0.9273258095654655, 0.9273258095654655, 0.9273258095654655, 0.9273258095654655, 0.9273258095654655, 0.9273258095654655, 0.9273258095654655, 0.9273258095654655, 0.9273258095654655, 0.9273258095654655, 0.9279052562182701, 0.9279052562182701, 0.9279052562182701, 0.9279052562182701, 0.9279052562182701, 0.9279052562182701, 0.9266829048716065, 0.9266829048716065, 0.9275217480251241, 0.9275217480251241, 0.927421629001177, 0.9272071526935104, 0.9272071526935104, 0.9272071526935104, 0.9274394388315681, 0.927723657296107, 0.9271389000674113, 0.9278037649405984, 0.9278037649405984, 0.9275155951138536]
accuracy: [0.05257800056768227, 0.12396429894619551, 0.23620394676145287, 0.23620394676145287, 0.23620394676145287, 0.23620394676145287, 0.19070703538894102, 0.22705227705825365, 0.2535758913831023, 0.2799150349994861, 0.29604390235829564, 0.3143760610554746, 0.35646258780375045, 0.38794473876085356, 0.41492621389159623, 0.434241761530728, 0.434241761530728, 0.434241761530728, 0.434241761530728, 0.434241761530728, 0.434241761530728, 0.434241761530728, 0.434241761530728, 0.434241761530728, 0.434241761530728, 0.434241761530728, 0.434241761530728, 0.434241761530728, 0.434241761530728, 0.434241761530728, 0.434241761530728, 0.434241761530728, 0.434241761530728, 0.434241761530728, 0.434241761530728, 0.434241761530728, 0.434241761530728, 0.434241761530728, 0.434241761530728, 0.434241761530728, 0.434241761530728, 0.434241761530728, 0.434241761530728, 0.434241761530728, 0.434241761530728, 0.434241761530728, 0.434241761530728, 0.434241761530728, 0.434241761530728, 0.4385059918348305, 0.4385059918348305, 0.4385059918348305, 0.4385059918348305, 0.4385059918348305, 0.4385059918348305, 0.40869574086280885, 0.40869574086280885, 0.41148397181666135, 0.41148397181666135, 0.41011930497109916, 0.4107370362659462, 0.4107370362659462, 0.4107370362659462, 0.41637925763093536, 0.41316666357801285, 0.4177585836546021, 0.4149037145552901, 0.4149037145552901, 0.4106587297144406]
alc_var: 8.540319324982078e-06
alc_std: 0.002922382474109451
nauc_std: 0.005169122803149744
nauc_mean: 0.9272253474608945
nauc_var: 2.6719830554042662e-05
alc_mean: 0.7713233482126174
