score: 0.8215179505917833
Duration: 1190.8560073375702
timestamps: [36.70576739311218, 46.59976577758789, 59.25986075401306, 80.85212826728821, 84.22788548469543, 87.49766039848328, 90.75426459312439, 91.72187757492065, 94.8492968082428, 95.69070625305176, 98.69416356086731, 101.64100456237793, 123.21398830413818, 124.95510172843933, 135.49059653282166, 137.07342624664307, 147.69031238555908, 149.35242223739624, 159.72122526168823, 161.065851688385, 171.6624276638031, 172.7100293636322, 183.10139083862305, 212.49971318244934, 215.81755924224854, 219.00922012329102, 248.28369450569153, 251.0000765323639, 253.55984163284302, 256.08799743652344, 290.27815294265747, 292.6679220199585, 295.0121862888336, 297.23617601394653, 334.40747022628784, 336.21413803100586, 337.97538805007935, 339.6923384666443, 378.4852967262268, 380.09030294418335, 381.50274324417114, 383.17604422569275, 421.28674697875977, 422.57236886024475, 423.8954555988312, 425.34890127182007, 465.17367911338806, 466.385454416275, 467.60978412628174, 468.8095934391022, 511.7838499546051, 551.7936706542969, 600.0892293453217, 605.6504051685333, 610.0604431629181, 655.2619025707245, 659.9599866867065, 663.9442517757416, 667.4337427616119, 729.7746396064758, 733.0167715549469, 736.1993889808655, 739.0851440429688, 799.8294296264648, 802.1988189220428, 804.7488732337952, 807.2333631515503, 868.1980881690979, 870.9066574573517, 873.2536144256592, 875.9709732532501, 933.5889303684235, 935.5541791915894, 937.4699296951294, 939.2046113014221, 998.7981638908386, 1000.3093075752258, 1002.0169560909271, 1003.547614812851, 1060.980946779251, 1062.4273681640625, 1063.8410203456879, 1065.3285219669342, 1127.444313287735, 1128.991159915924, 1130.3767657279968, 1131.644656419754, 1188.8202209472656, 1190.7716851234436, 1190.8560073375702]
nauc_scores: [0.5933499122482682, 0.9025296377034449, 0.9478743915947456, 0.9761532339553134, 0.9753446791003251, 0.9792180967730753, 0.9831119541021758, 0.9722685452786317, 0.9811072011590218, 0.9811072011590218, 0.9862570515085567, 0.9860565011984241, 0.997712351311508, 0.997712351311508, 0.9979698102633836, 0.9979698102633836, 0.9983347304851058, 0.9983347304851058, 0.9983789872346771, 0.9983789872346771, 0.9984845499671473, 0.9984845499671473, 0.9986244190687066, 0.9986244190687066, 0.9986244190687066, 0.9986244190687066, 0.998830068687995, 0.998830068687995, 0.998830068687995, 0.998830068687995, 0.9990531620973488, 0.9990531620973488, 0.9990531620973488, 0.9990531620973488, 0.9988623430877985, 0.9988623430877985, 0.9988623430877985, 0.9988623430877985, 0.9990410792668791, 0.9990410792668791, 0.9990410792668791, 0.9990410792668791, 0.9991198992823875, 0.9991198992823875, 0.9991198992823875, 0.9991198992823875, 0.9992263380337998, 0.9992263380337998, 0.9992263380337998, 0.9992263380337998, 0.999217746557153, 0.9991933825913313, 0.9991933825913313, 0.9991933825913313, 0.9991933825913313, 0.9991745019401972, 0.9991745019401972, 0.9991745019401972, 0.9991745019401972, 0.9991568822843575, 0.9991568822843575, 0.9991568822843575, 0.9991568822843575, 0.9991630712408961, 0.9991630712408961, 0.9991630712408961, 0.9991630712408961, 0.9991509754225913, 0.9991509754225913, 0.9991509754225913, 0.9991509754225913, 0.999127364420227, 0.999127364420227, 0.999127364420227, 0.999127364420227, 0.9990717551402373, 0.9990717551402373, 0.9990717551402373, 0.9990717551402373, 0.9990692599607403, 0.9990692599607403, 0.9990692599607403, 0.9990692599607403, 0.999134401215986, 0.999134401215986, 0.999134401215986, 0.999134401215986, 0.9991472695074868, 0.9991472695074868, 0.9991472695074868]
accuracy: [0.05778575204073333, 0.19826606915477646, 0.299263419052999, 0.2814516631910107, 0.28780087695125334, 0.32514158895622963, 0.3748918623028503, 0.449750129669396, 0.5231778340520105, 0.5231778340520105, 0.6020656454472226, 0.6095742899140885, 0.8235837004028839, 0.8235837004028839, 0.8604621009038229, 0.8604621009038229, 0.8858991378673042, 0.8858991378673042, 0.889309680401235, 0.889309680401235, 0.8922013444704957, 0.8922013444704957, 0.8848762865221727, 0.8848762865221727, 0.8848762865221727, 0.8848762865221727, 0.8925205171998738, 0.8925205171998738, 0.8925205171998738, 0.8925205171998738, 0.9036597888578223, 0.9036597888578223, 0.9036597888578223, 0.9036597888578223, 0.9035797642826702, 0.9035797642826702, 0.9035797642826702, 0.9035797642826702, 0.8983868499584713, 0.8983868499584713, 0.8983868499584713, 0.8983868499584713, 0.9032782900252025, 0.9032782900252025, 0.9032782900252025, 0.9032782900252025, 0.9066802992806134, 0.9066802992806134, 0.9066802992806134, 0.9066802992806134, 0.908771540067277, 0.9089130179169597, 0.9089130179169597, 0.9089130179169597, 0.9089130179169597, 0.9104656469664539, 0.9104656469664539, 0.9104656469664539, 0.9104656469664539, 0.9118202699399276, 0.9118202699399276, 0.9118202699399276, 0.9118202699399276, 0.913048622265389, 0.913048622265389, 0.913048622265389, 0.913048622265389, 0.9154401220136829, 0.9154401220136829, 0.9154401220136829, 0.9154401220136829, 0.9170478926980727, 0.9170478926980727, 0.9170478926980727, 0.9170478926980727, 0.9188799629612621, 0.9188799629612621, 0.9188799629612621, 0.9188799629612621, 0.9187867061220667, 0.9187867061220667, 0.9187867061220667, 0.9187867061220667, 0.9208404238632341, 0.9208404238632341, 0.9208404238632341, 0.9208404238632341, 0.9226622500880449, 0.9226622500880449, 0.9226622500880449]
alc_mean: 0.8220429264441069
nauc_std: 0.0003343592074285496
nauc_var: 1.1179607959224784e-07
alc_std: 0.0005410370472775319
alc_var: 2.9272108652679034e-07
nauc_mean: 0.9993715780649405
