score: 0.596758307095638
Duration: 1188.626030921936
timestamps: [4.704303026199341, 10.403857946395874, 23.723762035369873, 36.861194372177124, 45.314438581466675, 54.84719252586365, 64.90393090248108, 72.97406911849976, 86.76862573623657, 99.36789774894714, 114.19508481025696, 123.14674735069275, 133.6494905948639, 150.45823431015015, 159.4133129119873, 171.2503035068512, 186.7978537082672, 205.25065565109253, 214.76473379135132, 233.20973920822144, 243.59230995178223, 256.923380613327, 267.1248736381531, 279.45095920562744, 288.91067576408386, 309.62363481521606, 320.02637577056885, 347.0485517978668, 367.810182094574, 379.5877859592438, 402.4892761707306, 420.0260019302368, 443.82446336746216, 471.9641201496124, 496.8343827724457, 510.25996255874634, 528.3347401618958, 555.5021259784698, 582.6873996257782, 604.509114742279, 647.7164702415466, 660.9978532791138, 677.1155109405518, 694.9962832927704, 712.165992975235, 731.1532287597656, 749.8992395401001, 773.0526013374329, 795.7327656745911, 807.9451267719269, 820.2186269760132, 838.8951218128204, 853.5256357192993, 879.6653523445129, 929.0393431186676, 951.4453678131104, 964.8216075897217, 980.2923815250397, 1001.2479300498962, 1014.5949923992157, 1029.895234823227, 1056.0651779174805, 1078.9788303375244, 1099.8336470127106, 1112.5037634372711, 1125.2520914077759, 1138.0088274478912, 1159.0499029159546, 1175.9434278011322, 1188.626030921936]
nauc_scores: [0.44836502526089084, 0.5032284190870882, 0.5341821329067176, 0.5341821329067176, 0.5717224253791606, 0.5951027937936888, 0.5973858993233359, 0.5930804645009258, 0.6044240199652211, 0.617768386523528, 0.6312226557162146, 0.6426340829616963, 0.6392294072422608, 0.6255439125561804, 0.617276106650142, 0.6104482968740474, 0.6104482968740474, 0.6454427511329608, 0.6454427511329608, 0.6338111926113512, 0.6338111926113512, 0.6338111926113512, 0.6522580439437526, 0.6522580439437526, 0.6697889820486309, 0.6697889820486309, 0.6545973835421968, 0.6545973835421968, 0.6545973835421968, 0.6545973835421968, 0.6545973835421968, 0.6545973835421968, 0.6545973835421968, 0.6545973835421968, 0.6545973835421968, 0.6421703930767024, 0.6187880304162283, 0.6187880304162283, 0.6068896654054607, 0.6068896654054607, 0.6068896654054607, 0.6068896654054607, 0.6068896654054607, 0.6068896654054607, 0.6068896654054607, 0.6068896654054607, 0.6068896654054607, 0.6068896654054607, 0.6068896654054607, 0.6497932252110348, 0.6731761584388687, 0.6731761584388687, 0.6731761584388687, 0.6731761584388687, 0.6711226766624929, 0.6711226766624929, 0.6711226766624929, 0.6711226766624929, 0.6711226766624929, 0.6711226766624929, 0.6711226766624929, 0.6711226766624929, 0.6711226766624929, 0.6711226766624929, 0.6711226766624929, 0.6711226766624929, 0.6711226766624929, 0.6711226766624929, 0.6711226766624929, 0.6711226766624929]
accuracy: [0.3872238441112129, 0.4057430926250162, 0.4086967037065794, 0.4086967037065794, 0.357680590130289, 0.3537822129329972, 0.34912167969064994, 0.3375091776460909, 0.35299826103989024, 0.3530195301060034, 0.34372614787499634, 0.36140624514086606, 0.360089786628607, 0.37744788345843244, 0.3741222560575119, 0.36888735804652906, 0.36888735804652906, 0.36520537745527776, 0.36520537745527776, 0.35361657741032676, 0.35361657741032676, 0.35361657741032676, 0.395248067450747, 0.395248067450747, 0.4035178448174354, 0.4035178448174354, 0.3932905305059501, 0.3932905305059501, 0.3932905305059501, 0.3932905305059501, 0.3932905305059501, 0.3932905305059501, 0.3932905305059501, 0.3932905305059501, 0.3932905305059501, 0.39289717979941613, 0.37892999076919937, 0.37892999076919937, 0.3693671975767931, 0.3693671975767931, 0.3693671975767931, 0.3693671975767931, 0.3693671975767931, 0.3693671975767931, 0.3693671975767931, 0.3693671975767931, 0.3693671975767931, 0.3693671975767931, 0.3693671975767931, 0.38332270981721944, 0.386788109285778, 0.386788109285778, 0.386788109285778, 0.386788109285778, 0.38357167598770353, 0.38357167598770353, 0.38357167598770353, 0.38357167598770353, 0.38357167598770353, 0.38357167598770353, 0.38357167598770353, 0.38357167598770353, 0.38357167598770353, 0.38357167598770353, 0.38357167598770353, 0.38357167598770353, 0.38357167598770353, 0.38357167598770353, 0.38357167598770353, 0.38357167598770353]
nauc_std: 0.028145387441530757
alc_var: 2.9915703596699824e-05
alc_mean: 0.6128608151241515
nauc_var: 0.0007921628342338772
alc_std: 0.005469524988214226
nauc_mean: 0.6780312393501194
