score: 0.6703533219781173
Duration: 1169.328087568283
timestamps: [89.33275318145752, 92.39121651649475, 100.7626097202301, 110.93383622169495, 118.12425780296326, 145.43693137168884, 152.87717127799988, 166.2436888217926, 176.16083908081055, 183.89915823936462, 198.3061180114746, 209.5647532939911, 216.71328997612, 223.8700351715088, 234.96178436279297, 266.9502694606781, 277.3825879096985, 306.27008175849915, 318.8182940483093, 332.7501108646393, 354.0338017940521, 365.1219582557678, 377.02676343917847, 390.3928780555725, 410.562597990036, 437.79703068733215, 463.6184856891632, 481.3358578681946, 496.02819061279297, 510.4902992248535, 524.1676495075226, 538.0331878662109, 552.2648882865906, 566.3794450759888, 580.3792743682861, 591.7440450191498, 605.7371301651001, 614.5136160850525, 628.5216221809387, 640.0009424686432, 653.8429853916168, 665.1769654750824, 673.4581406116486, 684.5905916690826, 695.9728906154633, 702.9672386646271, 709.808111667633, 723.8394742012024, 735.7859873771667, 751.5637345314026, 761.265789270401, 772.8925261497498, 780.5664856433868, 787.3962318897247, 796.2890288829803, 806.5595209598541, 823.8710868358612, 839.9768035411835, 899.452939748764, 923.9341549873352, 937.8932709693909, 953.9214382171631, 980.265141248703, 994.1338617801666, 1012.2521774768829, 1040.905333518982, 1054.8169193267822, 1068.5027616024017, 1082.1958260536194, 1109.368970155716, 1169.328087568283]
nauc_scores: [0.8279859284907538, 0.8862981555815397, 0.9270933690566725, 0.9270933690566725, 0.9270933690566725, 0.9387186775368783, 0.9440152360128524, 0.9539984773292189, 0.9574095984093105, 0.9625676364193629, 0.9646644712233843, 0.9665853967169478, 0.9659763517164666, 0.966221380000797, 0.9678651670045262, 0.9678651670045262, 0.9678651670045262, 0.9678651670045262, 0.9678651670045262, 0.9678651670045262, 0.9678651670045262, 0.9678651670045262, 0.9678651670045262, 0.9678651670045262, 0.9678651670045262, 0.9678651670045262, 0.9678651670045262, 0.9678651670045262, 0.9678651670045262, 0.9678651670045262, 0.9636196760287563, 0.9658175809225924, 0.9646613630059309, 0.9632845853057572, 0.9645643981171106, 0.9617418741219057, 0.9550901897520949, 0.9556340700232266, 0.9574043426763779, 0.9575684881657529, 0.9582661830831554, 0.9583444002884958, 0.9583444002884958, 0.9584762306994721, 0.9585151897621631, 0.9585151897621631, 0.9585151897621631, 0.9585151897621631, 0.9585151897621631, 0.9585151897621631, 0.9585151897621631, 0.9649104622940488, 0.9679313449352471, 0.9679313449352471, 0.9679313449352471, 0.9679313449352471, 0.9679313449352471, 0.9679313449352471, 0.9692339807975137, 0.9698081328805532, 0.9698081328805532, 0.9703500833123742, 0.9703500833123742, 0.9703500833123742, 0.9703500833123742, 0.97103079816467, 0.97103079816467, 0.97103079816467, 0.97103079816467, 0.97103079816467, 0.97103079816467]
accuracy: [0.06697757369157872, 0.09061816953687227, 0.12905637448251744, 0.12905637448251744, 0.12905637448251744, 0.1863433851711273, 0.23385769508849302, 0.31797191964831045, 0.3571928871914842, 0.44749414079838473, 0.481204787378825, 0.5001612364346322, 0.5086942700849175, 0.5247616973674744, 0.6099663114128122, 0.6099663114128122, 0.6099663114128122, 0.6099663114128122, 0.6099663114128122, 0.6099663114128122, 0.6099663114128122, 0.6099663114128122, 0.6099663114128122, 0.6099663114128122, 0.6099663114128122, 0.6099663114128122, 0.6099663114128122, 0.6099663114128122, 0.6099663114128122, 0.6099663114128122, 0.5576602161087577, 0.5658910239568637, 0.5149763511503216, 0.48049566129544047, 0.4992312952232693, 0.46498552239529123, 0.43258025050793003, 0.44437926928258753, 0.4677940226696394, 0.48201916353476804, 0.49005034930444574, 0.49086838182248105, 0.49086838182248105, 0.5002653154786038, 0.5057026143000374, 0.5057026143000374, 0.5057026143000374, 0.5057026143000374, 0.5057026143000374, 0.5057026143000374, 0.5057026143000374, 0.536131225809274, 0.582406773909771, 0.582406773909771, 0.582406773909771, 0.582406773909771, 0.582406773909771, 0.582406773909771, 0.5736196382158985, 0.5977761618364139, 0.5977761618364139, 0.6142408303554598, 0.6142408303554598, 0.6142408303554598, 0.6142408303554598, 0.6221848086605359, 0.6221848086605359, 0.6221848086605359, 0.6221848086605359, 0.6221848086605359, 0.6221848086605359]
alc_var: 1.423583003448243e-06
alc_std: 0.001193139976468915
alc_mean: 0.6710533779785794
nauc_var: 4.654795726214063e-06
nauc_std: 0.002157497561114279
nauc_mean: 0.9706932716867696
