score: 0.7291755859985556
Duration: 1197.4858002662659
timestamps: [9.96325421333313, 16.544671535491943, 31.288771867752075, 47.048987865448, 52.09256958961487, 55.54564571380615, 59.484211444854736, 66.15042424201965, 69.283926486969, 72.38458943367004, 77.10944366455078, 80.1019012928009, 83.44933938980103, 87.46975350379944, 89.93123054504395, 92.34844040870667, 100.25670909881592, 105.16562485694885, 107.65336179733276, 110.13883447647095, 115.05893588066101, 119.2354736328125, 121.73746156692505, 124.31027102470398, 129.2199203968048, 132.62467217445374, 137.64512133598328, 165.02206134796143, 177.4643371105194, 194.6788547039032, 214.43151473999023, 234.05321097373962, 253.8175950050354, 265.5967619419098, 274.59351325035095, 283.5897343158722, 292.58398842811584, 301.70051074028015, 322.34552693367004, 345.6793165206909, 366.29486203193665, 381.1091513633728, 400.10120844841003, 423.9350392818451, 442.0464758872986, 454.03642082214355, 478.1652934551239, 490.39041566848755, 499.50615644454956, 514.9242641925812, 524.0567357540131, 536.0896844863892, 545.4413352012634, 554.7299835681915, 573.0915858745575, 593.9494581222534, 620.8038282394409, 631.3861663341522, 646.7452690601349, 656.0003864765167, 671.3693704605103, 686.6039538383484, 698.8577024936676, 713.9972443580627, 723.1744215488434, 732.1160752773285, 750.5772309303284, 765.6093883514404, 774.762622833252, 786.9402477741241, 804.5881857872009, 826.5065457820892, 839.0070602893829, 860.3861720561981, 878.9379148483276, 891.2845947742462, 918.0901851654053, 939.1689639091492, 951.8622596263885, 976.2061884403229, 996.2588334083557, 1019.7650179862976, 1028.9454634189606, 1043.774961233139, 1064.2891104221344, 1085.4632127285004, 1106.0664916038513, 1120.6121187210083, 1138.3905861377716, 1147.5395195484161, 1164.9757030010223, 1185.4936244487762, 1197.4858002662659]
nauc_scores: [0.3108387692360244, 0.37350070446796413, 0.4685290389463628, 0.46829235671198144, 0.5252123610560233, 0.5472885474446725, 0.582352514630468, 0.6077415398273793, 0.6359758971716161, 0.7049536582520046, 0.7345316073524364, 0.7691868418057828, 0.8011914992950953, 0.8256857644195472, 0.8475682999980059, 0.8579325070031241, 0.8579325070031241, 0.8605175028585841, 0.8605175028585841, 0.8605175028585841, 0.8630741752368383, 0.8654897527789107, 0.8654897527789107, 0.8700166874283228, 0.8700166874283228, 0.8718576359641919, 0.8723599735792209, 0.8723599735792209, 0.8723599735792209, 0.8723599735792209, 0.8723599735792209, 0.8723599735792209, 0.8723599735792209, 0.8723599735792209, 0.8619263388838785, 0.8670589003794422, 0.8642607163044562, 0.8581420131403898, 0.8502455125850386, 0.8502321584516934, 0.8519370985538437, 0.8584467175747441, 0.8584467175747441, 0.8584467175747441, 0.8584467175747441, 0.8584467175747441, 0.8584467175747441, 0.8584467175747441, 0.8584467175747441, 0.8584467175747441, 0.8584467175747441, 0.8584467175747441, 0.8584467175747441, 0.8584467175747441, 0.8584467175747441, 0.8584467175747441, 0.865837767373576, 0.865837767373576, 0.865837767373576, 0.865837767373576, 0.865837767373576, 0.865837767373576, 0.865837767373576, 0.865837767373576, 0.865837767373576, 0.865837767373576, 0.865837767373576, 0.865837767373576, 0.865837767373576, 0.865837767373576, 0.865837767373576, 0.865837767373576, 0.865837767373576, 0.865837767373576, 0.865837767373576, 0.865837767373576, 0.865837767373576, 0.865837767373576, 0.865837767373576, 0.865837767373576, 0.865837767373576, 0.865837767373576, 0.865837767373576, 0.865837767373576, 0.865837767373576, 0.865837767373576, 0.865837767373576, 0.865837767373576, 0.865837767373576, 0.865837767373576, 0.865837767373576, 0.865837767373576, 0.865837767373576]
accuracy: [0.4917830931106536, 0.5003357159159241, 0.44478003451322595, 0.5223611902072345, 0.5195119171737731, 0.49332913205272194, 0.4705124860803604, 0.46243073699417236, 0.46368326473435917, 0.4886151375111787, 0.4948143315485428, 0.5336899298255249, 0.5551345059283932, 0.5910974855280059, 0.6330560458809924, 0.6792443844370625, 0.6792443844370625, 0.6908036631462575, 0.6908036631462575, 0.6908036631462575, 0.6917669086283378, 0.7137033749425769, 0.7137033749425769, 0.7223045115383452, 0.7223045115383452, 0.7308162713787132, 0.7582554645561157, 0.7582554645561157, 0.7582554645561157, 0.7582554645561157, 0.7582554645561157, 0.7582554645561157, 0.7582554645561157, 0.7582554645561157, 0.7615881963704669, 0.7628966939921465, 0.7559331590250281, 0.753450743570616, 0.7467454442731719, 0.7501163885704113, 0.7507674389015233, 0.7594262320107151, 0.7594262320107151, 0.7594262320107151, 0.7594262320107151, 0.7594262320107151, 0.7594262320107151, 0.7594262320107151, 0.7594262320107151, 0.7594262320107151, 0.7594262320107151, 0.7594262320107151, 0.7594262320107151, 0.7594262320107151, 0.7594262320107151, 0.7594262320107151, 0.7597415821676283, 0.7597415821676283, 0.7597415821676283, 0.7597415821676283, 0.7597415821676283, 0.7597415821676283, 0.7597415821676283, 0.7597415821676283, 0.7597415821676283, 0.7597415821676283, 0.7597415821676283, 0.7597415821676283, 0.7597415821676283, 0.7597415821676283, 0.7597415821676283, 0.7597415821676283, 0.7597415821676283, 0.7597415821676283, 0.7597415821676283, 0.7597415821676283, 0.7597415821676283, 0.7597415821676283, 0.7597415821676283, 0.7597415821676283, 0.7597415821676283, 0.7597415821676283, 0.7597415821676283, 0.7597415821676283, 0.7597415821676283, 0.7597415821676283, 0.7597415821676283, 0.7597415821676283, 0.7597415821676283, 0.7597415821676283, 0.7597415821676283, 0.7597415821676283, 0.7597415821676283]
nauc_mean: 0.8698344134121155
alc_std: 0.028054151074872167
nauc_std: 0.025842651353816387
alc_mean: 0.7639548346756948
nauc_var: 0.000667842628994908
alc_var: 0.0007870353925317512
