score: 0.8959357413406954
Duration: 1197.3406765460968
timestamps: [11.179648876190186, 19.64427137374878, 40.222872257232666, 63.46354794502258, 76.30369520187378, 97.52896475791931, 117.78525805473328, 140.67919039726257, 153.38155579566956, 161.97469973564148, 173.66893982887268, 180.73091340065002, 192.02258706092834, 198.95774793624878, 210.0636854171753, 223.347158908844, 233.95713710784912, 250.43974328041077, 260.1875796318054, 267.48251366615295, 274.76399421691895, 286.8669447898865, 301.35026144981384, 313.51206851005554, 332.3967852592468, 341.9535355567932, 351.8455457687378, 359.1126124858856, 366.4063036441803, 411.52638697624207, 445.01819944381714, 468.7536141872406, 498.83938241004944, 508.2171633243561, 532.4659085273743, 551.9093282222748, 573.4153032302856, 595.3944020271301, 611.1390635967255, 620.671953201294, 639.5836873054504, 652.017657995224, 668.4716830253601, 693.9584076404572, 716.7625818252563, 742.3005409240723, 758.5030033588409, 768.4796674251556, 778.2038941383362, 803.7449643611908, 813.5040023326874, 826.3436608314514, 842.663019657135, 868.315699338913, 887.7357587814331, 897.6842267513275, 920.40127825737, 970.6284141540527, 992.9246680736542, 1020.2619638442993, 1035.6541595458984, 1059.8180928230286, 1078.4476776123047, 1091.2222533226013, 1100.785430431366, 1115.9737544059753, 1131.1109490394592, 1140.8816390037537, 1150.2512655258179, 1162.4974341392517, 1171.9934225082397, 1187.4211440086365, 1197.3406765460968]
nauc_scores: [0.6037925889411491, 0.8656990529694752, 0.9122542976883805, 0.9122542976883805, 0.9122542976883805, 0.9486156409168989, 0.9696074407345896, 0.9781085888362042, 0.9797676855937922, 0.9819432665650101, 0.9826307947157191, 0.9848747693349893, 0.985804487676575, 0.9881276263035157, 0.9886901028908195, 0.9892978301699555, 0.9892978301699555, 0.9892978301699555, 0.9892978301699555, 0.9892978301699555, 0.9892978301699555, 0.9892978301699555, 0.9892978301699555, 0.9892978301699555, 0.9892978301699555, 0.9892978301699555, 0.9892978301699555, 0.9892978301699555, 0.9892978301699555, 0.9892978301699555, 0.9892978301699555, 0.9892978301699555, 0.9892978301699555, 0.9892978301699555, 0.9893294983793213, 0.9895747978546416, 0.9895747978546416, 0.9895747978546416, 0.9897045485578404, 0.9897045485578404, 0.9898398965388395, 0.9898398965388395, 0.9898398965388395, 0.9898398965388395, 0.9898398965388395, 0.9898398965388395, 0.9898398965388395, 0.9898398965388395, 0.9898398965388395, 0.9898398965388395, 0.9898398965388395, 0.9898398965388395, 0.9898398965388395, 0.9898398965388395, 0.9898398965388395, 0.9898398965388395, 0.9898398965388395, 0.9913956734091343, 0.9913956734091343, 0.9913956734091343, 0.9913956734091343, 0.9913956734091343, 0.9913956734091343, 0.9913956734091343, 0.9913956734091343, 0.9913956734091343, 0.9913956734091343, 0.9913956734091343, 0.9913956734091343, 0.9913956734091343, 0.9913956734091343, 0.9913956734091343, 0.9913956734091343]
accuracy: [0.04258945128848511, 0.12491387813274454, 0.21126253026205408, 0.21126253026205408, 0.21126253026205408, 0.1805483924466305, 0.24789584301850068, 0.3300077591247177, 0.3876033893365628, 0.43046122556234356, 0.4654649233214419, 0.5431333603144568, 0.6144126123621876, 0.6600263755627885, 0.6829168363850753, 0.7012291053198696, 0.7012291053198696, 0.7012291053198696, 0.7012291053198696, 0.7012291053198696, 0.7012291053198696, 0.7012291053198696, 0.7012291053198696, 0.7012291053198696, 0.7012291053198696, 0.7012291053198696, 0.7012291053198696, 0.7012291053198696, 0.7012291053198696, 0.7012291053198696, 0.7012291053198696, 0.7012291053198696, 0.7012291053198696, 0.7012291053198696, 0.7020109722372698, 0.708357039039839, 0.708357039039839, 0.708357039039839, 0.7163095820938454, 0.7163095820938454, 0.7213878517591211, 0.7213878517591211, 0.7213878517591211, 0.7213878517591211, 0.7213878517591211, 0.7213878517591211, 0.7213878517591211, 0.7213878517591211, 0.7213878517591211, 0.7213878517591211, 0.7213878517591211, 0.7213878517591211, 0.7213878517591211, 0.7213878517591211, 0.7213878517591211, 0.7213878517591211, 0.7213878517591211, 0.7101522611804789, 0.7101522611804789, 0.7101522611804789, 0.7101522611804789, 0.7101522611804789, 0.7101522611804789, 0.7101522611804789, 0.7101522611804789, 0.7101522611804789, 0.7101522611804789, 0.7101522611804789, 0.7101522611804789, 0.7101522611804789, 0.7101522611804789, 0.7101522611804789, 0.7101522611804789]
alc_std: 0.008495538067073916
nauc_std: 0.002640645774201972
alc_mean: 0.8918966887564437
nauc_mean: 0.9899820834261016
alc_var: 7.217416704910201e-05
nauc_var: 6.9730101048107336e-06
