score: 0.9205664984183497
Duration: 1199.3560173511505
timestamps: [13.379899263381958, 25.779396772384644, 45.282548904418945, 52.01704406738281, 58.686808347702026, 65.48287463188171, 72.41522431373596, 79.43970274925232, 86.40488767623901, 93.72780466079712, 100.80379462242126, 107.78607654571533, 116.49803590774536, 124.0166597366333, 131.55587315559387, 139.09493684768677, 146.6423854827881, 154.1114785671234, 157.5760931968689, 170.4007227420807, 175.91644668579102, 181.49374556541443, 187.6713902950287, 193.76757669448853, 216.48819303512573, 226.68027234077454, 236.94869232177734, 247.79795289039612, 258.5665497779846, 269.2969675064087, 279.8973979949951, 283.4707148075104, 517.7140271663666, 538.3572506904602, 559.3689970970154, 580.2096149921417, 600.4639892578125, 620.8492653369904, 641.8966734409332, 698.5869841575623, 747.9419391155243, 800.6333272457123, 853.6214890480042, 903.3022632598877, 953.6273860931396, 1004.8654136657715, 1015.5166828632355, 1024.2479162216187, 1033.2728824615479, 1043.0515294075012, 1052.9063086509705, 1056.6393439769745, 1060.432861328125, 1064.2411692142487, 1067.8521602153778, 1071.4076664447784, 1075.0115132331848, 1078.5845167636871, 1082.1019253730774, 1085.770084619522, 1089.5749456882477, 1093.3973405361176, 1097.2084455490112, 1101.011420249939, 1104.5870954990387, 1108.0634710788727, 1111.5431892871857, 1115.2317962646484, 1118.9629383087158, 1122.7019877433777, 1126.5077056884766, 1130.3281526565552, 1134.186512708664, 1138.0207612514496, 1141.6877295970917, 1145.1809055805206, 1148.6571862697601, 1152.1715276241302, 1155.667767047882, 1159.507025718689, 1163.0978577136993, 1166.5865035057068, 1170.204640865326, 1173.7019271850586, 1177.5108869075775, 1181.0884411334991, 1184.5709111690521, 1188.2615854740143, 1192.0421071052551, 1195.8565034866333, 1199.3560173511505]
nauc_scores: [0.7568638000000001, 0.9940595111111112, 0.9985374111111114, 0.9988209555555556, 0.999179622222222, 0.999252622222222, 0.9993315333333335, 0.9993315333333335, 0.9993788888888886, 0.9993726666666665, 0.9993726666666665, 0.9993726666666665, 0.998638711111111, 0.9991401777777777, 0.9992688000000001, 0.9993468333333333, 0.9993848444444442, 0.9994289111111112, 0.9994289111111112, 0.9992343777777779, 0.9994296222222221, 0.9994458777777777, 0.9994137999999999, 0.9994137999999999, 0.9994620777777776, 0.9995252888888888, 0.9995574444444444, 0.9995686111111108, 0.9995840444444444, 0.9995987777777777, 0.9995505999999998, 0.9995505999999998, 0.9995505999999998, 0.9996195333333333, 0.999634688888889, 0.9996306000000001, 0.9996306000000001, 0.9996306000000001, 0.9995871777777778, 0.9995871777777778, 0.9995871777777778, 0.9997169555555554, 0.9997257999999998, 0.9997257999999998, 0.9997257999999998, 0.9996563777777776, 0.9996563777777776, 0.9996563777777776, 0.9996563777777776, 0.9996563777777776, 0.9996563777777776, 0.9996563777777776, 0.9996563777777776, 0.9996563777777776, 0.9996563777777776, 0.9996563777777776, 0.9996563777777776, 0.9996563777777776, 0.9996563777777776, 0.9996563777777776, 0.9996563777777776, 0.9996563777777776, 0.9996563777777776, 0.9996563777777776, 0.9996563777777776, 0.9996563777777776, 0.9996563777777776, 0.9996563777777776, 0.9996563777777776, 0.9996563777777776, 0.9996563777777776, 0.9996563777777776, 0.9996563777777776, 0.9996563777777776, 0.9996563777777776, 0.9996563777777776, 0.9996563777777776, 0.9996563777777776, 0.9996563777777776, 0.9996563777777776, 0.9996563777777776, 0.9996563777777776, 0.9996563777777776, 0.9996563777777776, 0.9996563777777776, 0.9996563777777776, 0.9996563777777776, 0.9996563777777776, 0.9996563777777776, 0.9996563777777776, 0.9996563777777776]
accuracy: [0.5292444297317127, 0.8857292689641023, 0.9036530434953158, 0.9376180386792207, 0.9573651620080427, 0.9588364905713337, 0.9647542608631482, 0.9647542608631482, 0.9670068179938911, 0.9684175314409905, 0.9684175314409905, 0.9684175314409905, 0.9210555220149325, 0.9515699590296556, 0.9595251184434961, 0.96291056294379, 0.9648544862203701, 0.9649178654202988, 0.9649178654202988, 0.9383160734232493, 0.9504037866771163, 0.9552581294702189, 0.954082612951034, 0.954082612951034, 0.9522455625557131, 0.9606984263939444, 0.9638323240928927, 0.9618565601936265, 0.9653988002604461, 0.9662989070637062, 0.9601907603618991, 0.9601907603618991, 0.9601907603618991, 0.966173638923895, 0.9693286130142016, 0.9690037496711226, 0.9690037496711226, 0.9690037496711226, 0.9631284233546376, 0.9631284233546376, 0.9631284233546376, 0.969543913915204, 0.9703567655031035, 0.9703567655031035, 0.9703567655031035, 0.9649355088672353, 0.9649355088672353, 0.9649355088672353, 0.9649355088672353, 0.9649355088672353, 0.9649355088672353, 0.9649355088672353, 0.9649355088672353, 0.9649355088672353, 0.9649355088672353, 0.9649355088672353, 0.9649355088672353, 0.9649355088672353, 0.9649355088672353, 0.9649355088672353, 0.9649355088672353, 0.9649355088672353, 0.9649355088672353, 0.9649355088672353, 0.9649355088672353, 0.9649355088672353, 0.9649355088672353, 0.9649355088672353, 0.9649355088672353, 0.9649355088672353, 0.9649355088672353, 0.9649355088672353, 0.9649355088672353, 0.9649355088672353, 0.9649355088672353, 0.9649355088672353, 0.9649355088672353, 0.9649355088672353, 0.9649355088672353, 0.9649355088672353, 0.9649355088672353, 0.9649355088672353, 0.9649355088672353, 0.9649355088672353, 0.9649355088672353, 0.9649355088672353, 0.9649355088672353, 0.9649355088672353, 0.9649355088672353, 0.9649355088672353, 0.9649355088672353]
nauc_mean: 0.9996744151886524
alc_std: 0.00036730144115045416
nauc_var: 1.7022268447874797e-09
alc_mean: 0.9204146517019849
nauc_std: 4.125805187823923e-05
alc_var: 1.3491034867120053e-07
