score: 0.6716985437851547
Duration: 1175.622667312622
timestamps: [88.22649312019348, 91.47307062149048, 100.30697631835938, 111.0569281578064, 115.84197974205017, 138.74261140823364, 145.3676073551178, 157.906014919281, 167.65766501426697, 175.0684311389923, 183.43625044822693, 190.71822452545166, 197.9689598083496, 210.1553556919098, 218.86889171600342, 249.56406784057617, 260.30118322372437, 274.276912689209, 284.3529133796692, 298.9212508201599, 310.837886095047, 329.2855188846588, 359.0634548664093, 372.951997756958, 392.3387372493744, 414.36864018440247, 437.8029854297638, 453.95609879493713, 467.5952892303467, 481.14961552619934, 494.53066420555115, 507.7741675376892, 521.0471198558807, 529.3434088230133, 542.5407457351685, 555.5200934410095, 568.5394027233124, 578.4745891094208, 586.7829592227936, 599.6576540470123, 607.8687455654144, 616.1518316268921, 624.473607301712, 632.7942762374878, 645.8275196552277, 652.2276313304901, 658.688060760498, 665.9254021644592, 682.334841966629, 693.7634208202362, 706.3798828125, 713.1256020069122, 719.8239161968231, 732.9759647846222, 744.3946771621704, 774.8804440498352, 789.9391353130341, 805.5437936782837, 824.7375020980835, 846.5749747753143, 867.4574193954468, 930.384092092514, 962.9099652767181, 982.7205193042755, 1010.2572937011719, 1035.8227701187134, 1049.1988360881805, 1064.8400526046753, 1122.149017572403, 1175.622667312622]
nauc_scores: [0.8309632879594602, 0.8809723307555188, 0.9264948615148663, 0.9264948615148663, 0.9264948615148663, 0.9330440487078966, 0.9395646790643215, 0.9471488941740076, 0.9533484937465706, 0.9589302773594599, 0.9612956245495412, 0.9581962464222114, 0.9589853640483761, 0.961310572282194, 0.9621483661424788, 0.9621483661424788, 0.9621483661424788, 0.9621483661424788, 0.9621483661424788, 0.9621483661424788, 0.9621483661424788, 0.9621483661424788, 0.9621483661424788, 0.9621483661424788, 0.9621483661424788, 0.9621483661424788, 0.9621483661424788, 0.9621483661424788, 0.9621483661424788, 0.9621483661424788, 0.9621483661424788, 0.9621483661424788, 0.9667833532593593, 0.9658053470188037, 0.9637016340777151, 0.9614325463817379, 0.9560817775846169, 0.9560817775846169, 0.9570805301387435, 0.9575079161599231, 0.9575516628287315, 0.959352641752802, 0.9593548784842263, 0.9609151386502848, 0.9611655372696453, 0.9611655372696453, 0.9611655372696453, 0.9666328219682823, 0.9666328219682823, 0.969714594709099, 0.969714594709099, 0.969714594709099, 0.969714594709099, 0.969714594709099, 0.969714594709099, 0.969714594709099, 0.969714594709099, 0.969714594709099, 0.969714594709099, 0.969714594709099, 0.969714594709099, 0.9708813632664808, 0.9721152285881238, 0.9729242201877202, 0.9740167589157265, 0.9740167589157265, 0.9740167589157265, 0.9745361988874697, 0.9745361988874697, 0.9745361988874697]
accuracy: [0.06793196591941357, 0.0921365781201567, 0.13022163194035496, 0.13022163194035496, 0.13022163194035496, 0.1648176644374505, 0.20961369895883813, 0.2944533021208785, 0.3521509568859367, 0.4339409448803678, 0.47180486825729756, 0.548018724769598, 0.5693450087182591, 0.5866764753716698, 0.5949768101006063, 0.5949768101006063, 0.5949768101006063, 0.5949768101006063, 0.5949768101006063, 0.5949768101006063, 0.5949768101006063, 0.5949768101006063, 0.5949768101006063, 0.5949768101006063, 0.5949768101006063, 0.5949768101006063, 0.5949768101006063, 0.5949768101006063, 0.5949768101006063, 0.5949768101006063, 0.5949768101006063, 0.5949768101006063, 0.5646447183701294, 0.5260528147791895, 0.4900933024189047, 0.46574106854749525, 0.4398422936756892, 0.4398422936756892, 0.44778412813485896, 0.45508953585815864, 0.4650330725181231, 0.48824565823178684, 0.49013842451756945, 0.5116667957134143, 0.5224256331765986, 0.5224256331765986, 0.5224256331765986, 0.5471377755006717, 0.5471377755006717, 0.5763632733725752, 0.5763632733725752, 0.5763632733725752, 0.5763632733725752, 0.5763632733725752, 0.5763632733725752, 0.5763632733725752, 0.5763632733725752, 0.5763632733725752, 0.5763632733725752, 0.5763632733725752, 0.5763632733725752, 0.566020312209107, 0.5794303021877891, 0.6007843741136395, 0.6119978914689933, 0.6119978914689933, 0.6119978914689933, 0.615247450599016, 0.615247450599016, 0.615247450599016]
alc_mean: 0.6721353071709765
nauc_std: 0.0018872913176847753
nauc_var: 3.5618685178083356e-06
alc_std: 0.0018693019778781065
nauc_mean: 0.9738597237257458
alc_var: 3.4942898844990005e-06
