score: 0.5259857646740982
Duration: 1198.7392983436584
timestamps: [30.728185176849365, 31.961025953292847, 35.180734395980835, 46.19919395446777, 52.09419059753418, 59.21797275543213, 65.1629638671875, 75.7345540523529, 87.576730966568, 92.64518356323242, 100.54979419708252, 106.0445556640625, 136.8730800151825, 153.27904343605042, 163.405104637146, 176.87447261810303, 192.56682658195496, 211.40929198265076, 222.38308453559875, 240.89426231384277, 256.71736192703247, 272.52781105041504, 288.47926568984985, 299.9933261871338, 317.80412888526917, 331.84281516075134, 345.8860137462616, 354.22810220718384, 365.1042251586914, 373.24148988723755, 381.5391743183136, 389.80298805236816, 406.6045832633972, 421.235862493515, 432.3753972053528, 440.73483872413635, 451.59341764450073, 459.80071544647217, 465.537100315094, 473.040730714798, 478.7235426902771, 513.1905722618103, 555.5346267223358, 576.4206800460815, 603.8795654773712, 631.2444710731506, 665.2963759899139, 699.5990741252899, 717.0540668964386, 730.973149061203, 748.133243560791, 762.6671457290649, 775.9647562503815, 783.8975427150726, 796.3555202484131, 809.1524181365967, 821.863251209259, 832.0560307502747, 844.7729215621948, 865.0418224334717, 873.0766704082489, 881.0423953533173, 894.0378577709198, 904.5493714809418, 914.4139957427979, 922.0954346656799, 932.1732308864594, 944.3321552276611, 956.5082316398621, 969.1122903823853, 979.1157879829407, 991.6161575317383, 1003.9988286495209, 1020.8183887004852, 1032.8405017852783, 1040.494128704071, 1087.4546959400177, 1125.164071559906, 1174.9732933044434, 1198.7392983436584]
nauc_scores: [0.43275918866563967, 0.4716141128498055, 0.5052505787100974, 0.5052505787100974, 0.5273299557738746, 0.541846932812887, 0.5636321986346164, 0.562855167696207, 0.5701294672114718, 0.5803275475151197, 0.5866405269022674, 0.5866405269022674, 0.5866405269022674, 0.584344180812058, 0.5979662953450571, 0.5979662953450571, 0.6048524717876518, 0.6164673228228115, 0.6286993030362662, 0.6227104153562308, 0.6328040846578731, 0.6221050366908614, 0.627732156495038, 0.6308957699298765, 0.6308957699298765, 0.6308957699298765, 0.6308957699298765, 0.6308957699298765, 0.6308957699298765, 0.6308957699298765, 0.6308957699298765, 0.6308957699298765, 0.6308957699298765, 0.6308957699298765, 0.6308957699298765, 0.6308957699298765, 0.6308957699298765, 0.6308957699298765, 0.6308957699298765, 0.6308957699298765, 0.6308957699298765, 0.6548339736504256, 0.6548339736504256, 0.6548339736504256, 0.6548339736504256, 0.6548339736504256, 0.6548339736504256, 0.6548339736504256, 0.6548339736504256, 0.6548339736504256, 0.6548339736504256, 0.6548339736504256, 0.6548339736504256, 0.6548339736504256, 0.6548339736504256, 0.6548339736504256, 0.6548339736504256, 0.6548339736504256, 0.6548339736504256, 0.6548339736504256, 0.6548339736504256, 0.6548339736504256, 0.6548339736504256, 0.6548339736504256, 0.6548339736504256, 0.6548339736504256, 0.6548339736504256, 0.6548339736504256, 0.6548339736504256, 0.6548339736504256, 0.6548339736504256, 0.6548339736504256, 0.6548339736504256, 0.6548339736504256, 0.6548339736504256, 0.6548339736504256, 0.6548339736504256, 0.6548339736504256, 0.6548339736504256, 0.6548339736504256]
accuracy: [0.3000578143245447, 0.30467347336809564, 0.3094900746698251, 0.3094900746698251, 0.3031648165647254, 0.30311876708956903, 0.2992709319149248, 0.2960554099065125, 0.30692023477557145, 0.32407698304118043, 0.3336611397799129, 0.3336611397799129, 0.3336611397799129, 0.3427208066745233, 0.34742222494002756, 0.34742222494002756, 0.3568768076303833, 0.3794002118662487, 0.40000304410774334, 0.4199526764205219, 0.4350465225590337, 0.4547241839974963, 0.4712211542226143, 0.47825888526259813, 0.47825888526259813, 0.47825888526259813, 0.47825888526259813, 0.47825888526259813, 0.47825888526259813, 0.47825888526259813, 0.47825888526259813, 0.47825888526259813, 0.47825888526259813, 0.47825888526259813, 0.47825888526259813, 0.47825888526259813, 0.47825888526259813, 0.47825888526259813, 0.47825888526259813, 0.47825888526259813, 0.47825888526259813, 0.4492274973347336, 0.4492274973347336, 0.4492274973347336, 0.4492274973347336, 0.4492274973347336, 0.4492274973347336, 0.4492274973347336, 0.4492274973347336, 0.4492274973347336, 0.4492274973347336, 0.4492274973347336, 0.4492274973347336, 0.4492274973347336, 0.4492274973347336, 0.4492274973347336, 0.4492274973347336, 0.4492274973347336, 0.4492274973347336, 0.4492274973347336, 0.4492274973347336, 0.4492274973347336, 0.4492274973347336, 0.4492274973347336, 0.4492274973347336, 0.4492274973347336, 0.4492274973347336, 0.4492274973347336, 0.4492274973347336, 0.4492274973347336, 0.4492274973347336, 0.4492274973347336, 0.4492274973347336, 0.4492274973347336, 0.4492274973347336, 0.4492274973347336, 0.4492274973347336, 0.4492274973347336, 0.4492274973347336, 0.4492274973347336]
nauc_std: 0.021548555139935758
alc_var: 0.00036161831431387237
nauc_var: 0.0004643402286188517
alc_std: 0.019016264467919885
nauc_mean: 0.6501794386458946
alc_mean: 0.517593742359648
