score: 0.5365685673224566
Duration: 1194.8462319374084
timestamps: [30.396717071533203, 31.680548191070557, 35.15304946899414, 46.474855184555054, 51.20798850059509, 60.40621542930603, 67.62351584434509, 77.08140110969543, 84.06641125679016, 90.8198914527893, 97.03785014152527, 102.24761462211609, 109.26153993606567, 124.26227045059204, 133.89390563964844, 143.44341564178467, 156.22989559173584, 168.9672713279724, 178.66046714782715, 191.46450996398926, 204.52645254135132, 219.54411959648132, 226.69774556159973, 238.34708046913147, 245.6911165714264, 255.23896622657776, 262.3910744190216, 271.7127230167389, 278.95938301086426, 288.7784152030945, 298.76647114753723, 311.84418392181396, 331.21387219429016, 341.1099007129669, 350.38874316215515, 357.53928661346436, 364.649258852005, 369.7757933139801, 374.74298882484436, 382.8572723865509, 421.34939646720886, 441.7295343875885, 461.5416088104248, 491.0019555091858, 510.7106623649597, 525.8381719589233, 540.9067809581757, 556.1023013591766, 571.4163129329681, 586.7866311073303, 607.6789486408234, 619.9142441749573, 640.8009378910065, 650.0486409664154, 667.8825922012329, 685.9747166633606, 706.6490287780762, 727.7234418392181, 745.8969292640686, 769.8681783676147, 785.0210473537445, 794.360246181488, 809.4786841869354, 821.630539894104, 833.9368681907654, 843.1138389110565, 852.4925866127014, 870.2256872653961, 890.9512875080109, 920.0943145751953, 934.9256255626678, 943.9569425582886, 955.5152645111084, 964.2581593990326, 978.4341638088226, 995.156587600708, 1001.7772197723389, 1022.7560708522797, 1033.4193816184998, 1046.1054503917694, 1060.9471039772034, 1071.5696032047272, 1080.2244238853455, 1100.7053427696228, 1149.2055110931396, 1174.5499203205109, 1194.8462319374084]
nauc_scores: [0.44946852356039857, 0.4792955008040791, 0.5139529703181878, 0.5475051278624008, 0.5562197765379824, 0.5841873644115902, 0.5850809338880678, 0.5926714891136391, 0.5911463366660823, 0.5947762979228888, 0.5861672235295639, 0.5861672235295639, 0.5861672235295639, 0.5861672235295639, 0.5861672235295639, 0.5861672235295639, 0.5861672235295639, 0.5915551051981875, 0.6094854889301786, 0.6168900367074486, 0.6277261683457478, 0.6277261683457478, 0.6277261683457478, 0.6277261683457478, 0.6277261683457478, 0.6403773933124786, 0.6403773933124786, 0.6403773933124786, 0.6403773933124786, 0.6253089336148658, 0.634642108045048, 0.634642108045048, 0.634642108045048, 0.6506171289502274, 0.6506171289502274, 0.6506171289502274, 0.6506171289502274, 0.6506171289502274, 0.6506171289502274, 0.6506171289502274, 0.6536068800002581, 0.6536068800002581, 0.6536068800002581, 0.6592877609352854, 0.6592877609352854, 0.6631929082220025, 0.6631929082220025, 0.6631929082220025, 0.6631929082220025, 0.6631929082220025, 0.6631929082220025, 0.6631929082220025, 0.6631929082220025, 0.6631929082220025, 0.6631929082220025, 0.6631929082220025, 0.6631929082220025, 0.6631929082220025, 0.6631929082220025, 0.6631929082220025, 0.6631929082220025, 0.6631929082220025, 0.6631929082220025, 0.6631929082220025, 0.6631929082220025, 0.6631929082220025, 0.6631929082220025, 0.6631929082220025, 0.6631929082220025, 0.6631929082220025, 0.6631929082220025, 0.6631929082220025, 0.6631929082220025, 0.6631929082220025, 0.6631929082220025, 0.6631929082220025, 0.6631929082220025, 0.6631929082220025, 0.6631929082220025, 0.6631929082220025, 0.6631929082220025, 0.6631929082220025, 0.6631929082220025, 0.6631929082220025, 0.6631929082220025, 0.6631929082220025, 0.6631929082220025]
accuracy: [0.3083107172835162, 0.30978979586706434, 0.3150658157182578, 0.317432861763471, 0.310753407041561, 0.3141447806287307, 0.31195327149927826, 0.3242559502508271, 0.33546750640239864, 0.3459087626875383, 0.35502325096310644, 0.35502325096310644, 0.35502325096310644, 0.35502325096310644, 0.35502325096310644, 0.35502325096310644, 0.35502325096310644, 0.369768019179393, 0.3831243408006106, 0.3982441996933994, 0.4159009392847604, 0.4159009392847604, 0.4159009392847604, 0.4159009392847604, 0.4159009392847604, 0.41155978356998757, 0.41155978356998757, 0.41155978356998757, 0.41155978356998757, 0.4371445544669089, 0.44646781017764603, 0.44646781017764603, 0.44646781017764603, 0.45666038477861465, 0.45666038477861465, 0.45666038477861465, 0.45666038477861465, 0.45666038477861465, 0.45666038477861465, 0.45666038477861465, 0.4648402816011907, 0.4648402816011907, 0.4648402816011907, 0.449587598457266, 0.449587598457266, 0.4531214641471432, 0.4531214641471432, 0.4531214641471432, 0.4531214641471432, 0.4531214641471432, 0.4531214641471432, 0.4531214641471432, 0.4531214641471432, 0.4531214641471432, 0.4531214641471432, 0.4531214641471432, 0.4531214641471432, 0.4531214641471432, 0.4531214641471432, 0.4531214641471432, 0.4531214641471432, 0.4531214641471432, 0.4531214641471432, 0.4531214641471432, 0.4531214641471432, 0.4531214641471432, 0.4531214641471432, 0.4531214641471432, 0.4531214641471432, 0.4531214641471432, 0.4531214641471432, 0.4531214641471432, 0.4531214641471432, 0.4531214641471432, 0.4531214641471432, 0.4531214641471432, 0.4531214641471432, 0.4531214641471432, 0.4531214641471432, 0.4531214641471432, 0.4531214641471432, 0.4531214641471432, 0.4531214641471432, 0.4531214641471432, 0.4531214641471432, 0.4531214641471432, 0.4531214641471432]
nauc_var: 0.0005034691875047929
alc_mean: 0.5451081577542695
alc_std: 0.021262715220111524
alc_var: 0.0004521030585315622
nauc_std: 0.022438119072346347
nauc_mean: 0.655307689368849
