score: 0.5415200698306796
Duration: 1190.1851601600647
timestamps: [30.19118571281433, 31.46819829940796, 35.056254863739014, 45.216323137283325, 50.84307932853699, 57.625569105148315, 64.7393217086792, 72.77516889572144, 79.7877631187439, 87.96352553367615, 97.1581928730011, 107.25693416595459, 125.32552075386047, 150.4487223625183, 169.46569991111755, 179.15239810943604, 188.97240829467773, 198.8981158733368, 208.83793687820435, 223.4236705303192, 235.09102773666382, 246.787983417511, 258.48142981529236, 270.2160255908966, 277.61357164382935, 286.9647798538208, 296.1868133544922, 305.491482257843, 314.65657329559326, 321.57466435432434, 328.5348148345947, 338.2220985889435, 357.3923316001892, 376.56817412376404, 389.7681920528412, 399.56876373291016, 406.74601674079895, 418.15715646743774, 425.07873010635376, 430.1384606361389, 435.1624689102173, 441.84343671798706, 494.0563907623291, 514.37575340271, 543.5144286155701, 577.8165049552917, 597.802720785141, 612.9261984825134, 628.1968955993652, 643.5429842472076, 667.607444524765, 676.7061512470245, 697.0305769443512, 712.3200941085815, 730.1062605381012, 744.911652803421, 754.0293211936951, 771.258104801178, 780.2258126735687, 791.946061372757, 811.8725578784943, 820.4913063049316, 840.3159852027893, 851.8451557159424, 858.4052386283875, 871.0603847503662, 881.5772879123688, 889.9678356647491, 900.5760293006897, 909.0591864585876, 917.181312084198, 956.0387151241302, 977.1569192409515, 1002.5526220798492, 1022.9789810180664, 1038.360790014267, 1063.431331396103, 1088.4054396152496, 1113.578458070755, 1128.7900998592377, 1149.0972650051117, 1169.6697688102722, 1190.1851601600647]
nauc_scores: [0.4633064435690748, 0.502281895542088, 0.5248838094189077, 0.5248838094189077, 0.5248838094189077, 0.5630080422345298, 0.5838076735781763, 0.6063723609272369, 0.6037718074564142, 0.5931792724074751, 0.5931792724074751, 0.5931792724074751, 0.5931792724074751, 0.6066260727806885, 0.6342801003923555, 0.6437235727662269, 0.6288226784851212, 0.6240795549628284, 0.6389546936747834, 0.6389546936747834, 0.6389546936747834, 0.6389546936747834, 0.6389546936747834, 0.6389546936747834, 0.6389546936747834, 0.6389546936747834, 0.6389546936747834, 0.6389546936747834, 0.6389546936747834, 0.6389546936747834, 0.6389546936747834, 0.6534966551187391, 0.6537120032061754, 0.6550622274961218, 0.6563463734495283, 0.6563463734495283, 0.6563463734495283, 0.6563463734495283, 0.6563463734495283, 0.6563463734495283, 0.6563463734495283, 0.6563463734495283, 0.6643815866583509, 0.6643815866583509, 0.6678474151387648, 0.6649273139383236, 0.6649273139383236, 0.6649273139383236, 0.6649273139383236, 0.6649273139383236, 0.6649273139383236, 0.6649273139383236, 0.6649273139383236, 0.6649273139383236, 0.6649273139383236, 0.6649273139383236, 0.6649273139383236, 0.6649273139383236, 0.6649273139383236, 0.6649273139383236, 0.6649273139383236, 0.6649273139383236, 0.6649273139383236, 0.6649273139383236, 0.6649273139383236, 0.6649273139383236, 0.6649273139383236, 0.6649273139383236, 0.6649273139383236, 0.6649273139383236, 0.6649273139383236, 0.6649273139383236, 0.6649273139383236, 0.6649273139383236, 0.6649273139383236, 0.6649273139383236, 0.667367569897009, 0.667367569897009, 0.6675385275756303, 0.6675385275756303, 0.6704092953133873, 0.6704092953133873, 0.6652359629552174]
accuracy: [0.30830788252771385, 0.31504375879062735, 0.3182246957092487, 0.3182246957092487, 0.3182246957092487, 0.3183150439047031, 0.3182333469652281, 0.32387590767775526, 0.32922975700238505, 0.3380006794249907, 0.3380006794249907, 0.3380006794249907, 0.3380006794249907, 0.33779154343367646, 0.3535818845988466, 0.3689237115632446, 0.38542531333794955, 0.40375694429216136, 0.4223178798812299, 0.4223178798812299, 0.4223178798812299, 0.4223178798812299, 0.4223178798812299, 0.4223178798812299, 0.4223178798812299, 0.4223178798812299, 0.4223178798812299, 0.4223178798812299, 0.4223178798812299, 0.4223178798812299, 0.4223178798812299, 0.4264208832224028, 0.4329004592445539, 0.44883711147150296, 0.47103114218678355, 0.47103114218678355, 0.47103114218678355, 0.47103114218678355, 0.47103114218678355, 0.47103114218678355, 0.47103114218678355, 0.47103114218678355, 0.4449774968277057, 0.4449774968277057, 0.4488732737597965, 0.45143380454599336, 0.45143380454599336, 0.45143380454599336, 0.45143380454599336, 0.45143380454599336, 0.45143380454599336, 0.45143380454599336, 0.45143380454599336, 0.45143380454599336, 0.45143380454599336, 0.45143380454599336, 0.45143380454599336, 0.45143380454599336, 0.45143380454599336, 0.45143380454599336, 0.45143380454599336, 0.45143380454599336, 0.45143380454599336, 0.45143380454599336, 0.45143380454599336, 0.45143380454599336, 0.45143380454599336, 0.45143380454599336, 0.45143380454599336, 0.45143380454599336, 0.45143380454599336, 0.45143380454599336, 0.45143380454599336, 0.45143380454599336, 0.45143380454599336, 0.45143380454599336, 0.45339298435391356, 0.45339298435391356, 0.4601229557919889, 0.4601229557919889, 0.46007161973189975, 0.46007161973189975, 0.46317564466983413]
alc_std: 0.016058941984886593
nauc_mean: 0.650803812344682
nauc_var: 0.0006561756880106305
alc_mean: 0.5418064502554106
nauc_std: 0.025615926452319276
alc_var: 0.0002578896176739533
