score: 0.6753046759910186
Duration: 1177.7261137962341
timestamps: [88.28153538703918, 91.48034453392029, 100.09973382949829, 110.84856963157654, 117.13542819023132, 138.80254006385803, 146.53940224647522, 156.53196263313293, 166.18943762779236, 175.56066465377808, 185.8128809928894, 193.5088529586792, 204.15325736999512, 211.09648275375366, 221.43176245689392, 249.80253314971924, 276.4067533016205, 285.95816349983215, 299.5940065383911, 309.25108575820923, 323.092657327652, 345.0926504135132, 357.9024932384491, 383.97208619117737, 402.7750017642975, 424.5841152667999, 438.78653383255005, 450.8009030818939, 462.66105818748474, 474.7805390357971, 486.7015902996063, 498.61972665786743, 510.7063329219818, 522.692852973938, 534.5082912445068, 544.3459677696228, 556.3267459869385, 565.5542278289795, 572.3441944122314, 580.9456713199615, 589.5013926029205, 603.6320705413818, 610.4382300376892, 620.892635345459, 630.5803453922272, 641.0462915897369, 647.8938617706299, 660.044529914856, 672.0338187217712, 679.0407633781433, 690.8156564235687, 697.8845255374908, 709.7576036453247, 721.8407077789307, 733.7020592689514, 745.0874218940735, 754.7323234081268, 766.1527252197266, 773.7418565750122, 781.5117847919464, 789.1664786338806, 801.1096365451813, 810.2764337062836, 821.8200607299805, 828.9504818916321, 848.7803838253021, 867.62348985672, 880.57080245018, 890.3852488994598, 949.2451567649841, 968.6965663433075, 983.2931280136108, 997.0676238536835, 1010.6603639125824, 1026.6276309490204, 1038.806972503662, 1054.5433022975922, 1077.8027095794678, 1129.4629247188568, 1177.7261137962341]
nauc_scores: [0.826672079455463, 0.8865232359308794, 0.9263515893896668, 0.9263515893896668, 0.9263515893896668, 0.930769948337502, 0.9392450677175213, 0.9474339271744403, 0.9550703281786241, 0.9599990001856664, 0.9633343850007474, 0.9641024605364936, 0.9677682164623591, 0.9680994915646579, 0.9693329410149618, 0.9693329410149618, 0.9693329410149618, 0.9693329410149618, 0.9693329410149618, 0.9693329410149618, 0.9693329410149618, 0.9693329410149618, 0.9693329410149618, 0.9693329410149618, 0.9693329410149618, 0.9693329410149618, 0.9693329410149618, 0.9693329410149618, 0.9693329410149618, 0.9693329410149618, 0.9693329410149618, 0.9693329410149618, 0.9693329410149618, 0.9693329410149618, 0.9693329410149618, 0.9693329410149618, 0.9693329410149618, 0.9693329410149618, 0.9699727589182336, 0.9709187197940787, 0.9712468477947294, 0.972549324250884, 0.9724002830892879, 0.9719208460434852, 0.9719208460434852, 0.9721014711694764, 0.9742171268099218, 0.9742171268099218, 0.9742171268099218, 0.9742171268099218, 0.9742171268099218, 0.9742171268099218, 0.9742171268099218, 0.9742171268099218, 0.9742171268099218, 0.9742171268099218, 0.9742171268099218, 0.9742171268099218, 0.9742171268099218, 0.9742171268099218, 0.9742171268099218, 0.9742171268099218, 0.9742171268099218, 0.9742171268099218, 0.9742171268099218, 0.9742171268099218, 0.9742171268099218, 0.9742171268099218, 0.9742171268099218, 0.9769851334361894, 0.9793578508647414, 0.9791030277725172, 0.9790546333723216, 0.9789564588496424, 0.9789564588496424, 0.9789564588496424, 0.9789564588496424, 0.9789564588496424, 0.9789564588496424, 0.9789564588496424]
accuracy: [0.06595527623128764, 0.09117001354077453, 0.12944603844021338, 0.12944603844021338, 0.12944603844021338, 0.15311103979011276, 0.20109865508067015, 0.2697164188028928, 0.3323669698296724, 0.4145922270412088, 0.4558073588449746, 0.49104863691570017, 0.5747516729685179, 0.5881404956560347, 0.6052391847682964, 0.6052391847682964, 0.6052391847682964, 0.6052391847682964, 0.6052391847682964, 0.6052391847682964, 0.6052391847682964, 0.6052391847682964, 0.6052391847682964, 0.6052391847682964, 0.6052391847682964, 0.6052391847682964, 0.6052391847682964, 0.6052391847682964, 0.6052391847682964, 0.6052391847682964, 0.6052391847682964, 0.6052391847682964, 0.6052391847682964, 0.6052391847682964, 0.6052391847682964, 0.6052391847682964, 0.6052391847682964, 0.6052391847682964, 0.6117296217264953, 0.6163006569270574, 0.6190176964099672, 0.6150249157414657, 0.6218883921126286, 0.6243712337112624, 0.6243712337112624, 0.6368461141970735, 0.6515886756628779, 0.6515886756628779, 0.6515886756628779, 0.6515886756628779, 0.6515886756628779, 0.6515886756628779, 0.6515886756628779, 0.6515886756628779, 0.6515886756628779, 0.6515886756628779, 0.6515886756628779, 0.6515886756628779, 0.6515886756628779, 0.6515886756628779, 0.6515886756628779, 0.6515886756628779, 0.6515886756628779, 0.6515886756628779, 0.6515886756628779, 0.6515886756628779, 0.6515886756628779, 0.6515886756628779, 0.6515886756628779, 0.6286727369467225, 0.6379048314361845, 0.6360271946204725, 0.6421795885451909, 0.6494559776578334, 0.6494559776578334, 0.6494559776578334, 0.6494559776578334, 0.6494559776578334, 0.6494559776578334, 0.6494559776578334]
nauc_std: 0.0014312164670237564
alc_std: 0.0009659385205885673
nauc_var: 2.048380575479963e-06
alc_var: 9.330372255568302e-07
nauc_mean: 0.9785149490402697
alc_mean: 0.6762777869564031
