score: 0.8315849875076009
Duration: 1196.3563342094421
timestamps: [16.70225429534912, 33.7877562046051, 79.11601328849792, 87.8779718875885, 97.07030701637268, 106.29627656936646, 115.24156880378723, 124.31856417655945, 133.5108778476715, 142.6220772266388, 151.7264597415924, 160.9807415008545, 170.3427414894104, 179.7137269973755, 189.48674535751343, 198.99681687355042, 207.99016213417053, 219.16500043869019, 228.86296367645264, 238.40218687057495, 248.43402338027954, 258.23321318626404, 268.13640570640564, 271.5719678401947, 284.8024137020111, 290.7638566493988, 296.71567392349243, 303.31047010421753, 309.97597455978394, 334.011367559433, 346.10547518730164, 384.1543159484863, 429.44488859176636, 470.9167151451111, 517.6761095523834, 571.6449868679047, 620.236909866333, 668.6963441371918, 969.0899767875671, 993.838800907135, 1016.4594554901123, 1039.7098796367645, 1064.8470060825348, 1068.3733484745026, 1071.8891050815582, 1075.331731557846, 1078.8170342445374, 1082.3275926113129, 1085.8539288043976, 1089.3284139633179, 1092.8031134605408, 1096.3168530464172, 1099.8130807876587, 1103.288467168808, 1106.7085654735565, 1110.087486743927, 1113.5394215583801, 1117.0246353149414, 1120.4922850131989, 1123.9509990215302, 1127.39719748497, 1130.8988196849823, 1134.4238002300262, 1137.8625881671906, 1141.2967538833618, 1144.774825334549, 1148.2663366794586, 1151.7149395942688, 1155.1051967144012, 1158.4925816059113, 1161.938034772873, 1165.4966764450073, 1168.9059340953827, 1172.2861666679382, 1175.6974818706512, 1179.2258775234222, 1182.6547846794128, 1186.0461390018463, 1189.484182357788, 1192.9591085910797, 1196.3563342094421]
nauc_scores: [0.7728499657723658, 0.8513550773316003, 0.8781943941555306, 0.8964681362801092, 0.9046849542376096, 0.9045708985325185, 0.914100049470868, 0.9156840550447465, 0.9167792883008274, 0.914167053502976, 0.9148166945771388, 0.9160625909685207, 0.9193371561553363, 0.916058327516023, 0.9205401770524746, 0.9205401770524746, 0.9205401770524746, 0.9205401770524746, 0.9205401770524746, 0.9226307805155161, 0.9251530821182548, 0.9234513727620766, 0.9254060303527836, 0.9254060303527836, 0.9254060303527836, 0.9254060303527836, 0.9254060303527836, 0.9254060303527836, 0.9254060303527836, 0.9254060303527836, 0.9254060303527836, 0.9254060303527836, 0.936407394606622, 0.9381243209663053, 0.9381243209663053, 0.9389745610576261, 0.9389745610576261, 0.9389745610576261, 0.9389745610576261, 0.9404130062553977, 0.9404130062553977, 0.9404130062553977, 0.9412690955491707, 0.9412690955491707, 0.9412690955491707, 0.9412690955491707, 0.9412690955491707, 0.9412690955491707, 0.9412690955491707, 0.9412690955491707, 0.9412690955491707, 0.9412690955491707, 0.9412690955491707, 0.9412690955491707, 0.9412690955491707, 0.9412690955491707, 0.9412690955491707, 0.9412690955491707, 0.9412690955491707, 0.9412690955491707, 0.9412690955491707, 0.9412690955491707, 0.9412690955491707, 0.9412690955491707, 0.9412690955491707, 0.9412690955491707, 0.9412690955491707, 0.9412690955491707, 0.9412690955491707, 0.9412690955491707, 0.9412690955491707, 0.9412690955491707, 0.9412690955491707, 0.9412690955491707, 0.9412690955491707, 0.9412690955491707, 0.9412690955491707, 0.9412690955491707, 0.9412690955491707, 0.9412690955491707, 0.9412690955491707]
accuracy: [0.6920569948483324, 0.4209941842139921, 0.46735312283271263, 0.5174198760673439, 0.540539097566582, 0.4900885886866698, 0.5844159914656726, 0.5656559270264918, 0.5789910603174883, 0.6045283941606083, 0.6171473047558577, 0.6012059989862768, 0.6369669257787219, 0.6097492275888635, 0.6754804971181149, 0.6754804971181149, 0.6754804971181149, 0.6754804971181149, 0.6754804971181149, 0.5982317673658949, 0.6412325183721796, 0.6127397297842573, 0.6312460562315376, 0.6312460562315376, 0.6312460562315376, 0.6312460562315376, 0.6312460562315376, 0.6312460562315376, 0.6312460562315376, 0.6312460562315376, 0.6312460562315376, 0.6312460562315376, 0.6750959863450448, 0.6809828477787963, 0.6809828477787963, 0.6844515283953688, 0.6844515283953688, 0.6844515283953688, 0.6844515283953688, 0.6826042962969824, 0.6826042962969824, 0.6826042962969824, 0.6835279118063476, 0.6835279118063476, 0.6835279118063476, 0.6835279118063476, 0.6835279118063476, 0.6835279118063476, 0.6835279118063476, 0.6835279118063476, 0.6835279118063476, 0.6835279118063476, 0.6835279118063476, 0.6835279118063476, 0.6835279118063476, 0.6835279118063476, 0.6835279118063476, 0.6835279118063476, 0.6835279118063476, 0.6835279118063476, 0.6835279118063476, 0.6835279118063476, 0.6835279118063476, 0.6835279118063476, 0.6835279118063476, 0.6835279118063476, 0.6835279118063476, 0.6835279118063476, 0.6835279118063476, 0.6835279118063476, 0.6835279118063476, 0.6835279118063476, 0.6835279118063476, 0.6835279118063476, 0.6835279118063476, 0.6835279118063476, 0.6835279118063476, 0.6835279118063476, 0.6835279118063476, 0.6835279118063476, 0.6835279118063476]
nauc_var: 1.7162314877466796e-06
nauc_mean: 0.9410564108011534
alc_std: 0.0005541645827447533
nauc_std: 0.0013100501852015744
alc_mean: 0.8304974769613798
alc_var: 3.0709838476866647e-07
