score: 0.8317244625588512
Duration: 1197.692398071289
timestamps: [16.399179697036743, 33.50862383842468, 78.64098906517029, 87.55443906784058, 96.48034238815308, 105.41829490661621, 114.21928644180298, 123.21237254142761, 132.26598048210144, 141.3797628879547, 150.53739738464355, 159.71142387390137, 168.693594455719, 177.6603229045868, 186.72800016403198, 195.6828179359436, 204.60515356063843, 213.59166526794434, 224.55198001861572, 234.19161796569824, 244.23656153678894, 253.71218872070312, 263.23620319366455, 272.80696630477905, 276.27206802368164, 289.0101170539856, 294.7460427284241, 300.4100170135498, 306.53542828559875, 312.759726524353, 335.9971001148224, 347.03451442718506, 380.2320964336395, 410.8858861923218, 449.6516478061676, 496.3963232040405, 538.028085231781, 579.6006877422333, 621.313481092453, 933.1884825229645, 957.531555891037, 979.9277029037476, 1002.458170413971, 1025.300637960434, 1084.4448421001434, 1088.042254447937, 1091.5864057540894, 1095.1108288764954, 1098.6054420471191, 1102.151115179062, 1105.6871576309204, 1109.2542841434479, 1112.8048782348633, 1116.3677582740784, 1119.9222354888916, 1123.4810681343079, 1127.0403113365173, 1130.5653569698334, 1134.0756087303162, 1137.6154162883759, 1141.1158015727997, 1144.5996129512787, 1148.1478226184845, 1151.6355493068695, 1155.1728913784027, 1158.743685722351, 1162.3044810295105, 1165.8324041366577, 1169.4054458141327, 1172.934561252594, 1176.451544046402, 1180.0199196338654, 1183.5817651748657, 1187.0575580596924, 1190.608725309372, 1194.1792471408844, 1197.692398071289]
nauc_scores: [0.7865327072242272, 0.84996402225412, 0.8774767635200162, 0.895003802652832, 0.9061822038665306, 0.9109868079239611, 0.9045071008202532, 0.912675347652067, 0.9140056590892909, 0.9153861846361393, 0.9131609179240066, 0.9166542534327646, 0.9140445443729648, 0.9125821699126446, 0.9133879608107818, 0.9132770699732553, 0.9177241038607953, 0.9168889647056522, 0.9168889647056522, 0.9168889647056522, 0.9202090184603622, 0.9222925532339394, 0.9240268447483841, 0.921785495375476, 0.921785495375476, 0.921785495375476, 0.921785495375476, 0.921785495375476, 0.921785495375476, 0.921785495375476, 0.921785495375476, 0.921785495375476, 0.921785495375476, 0.921785495375476, 0.9358932813488956, 0.9372745326751699, 0.9372745326751699, 0.9372745326751699, 0.9372745326751699, 0.9352496735101745, 0.9388893221814201, 0.9388893221814201, 0.9388893221814201, 0.9398083817534932, 0.9398083817534932, 0.9394473401262913, 0.9394473401262913, 0.9394473401262913, 0.9394473401262913, 0.9394473401262913, 0.9394473401262913, 0.9394473401262913, 0.9394473401262913, 0.9394473401262913, 0.9394473401262913, 0.9394473401262913, 0.9394473401262913, 0.9394473401262913, 0.9394473401262913, 0.9394473401262913, 0.9394473401262913, 0.9394473401262913, 0.9394473401262913, 0.9394473401262913, 0.9394473401262913, 0.9394473401262913, 0.9394473401262913, 0.9394473401262913, 0.9394473401262913, 0.9394473401262913, 0.9394473401262913, 0.9394473401262913, 0.9394473401262913, 0.9394473401262913, 0.9394473401262913, 0.9394473401262913, 0.9394473401262913]
accuracy: [0.6859227437705901, 0.42114868447906, 0.479710026875908, 0.4859125209655886, 0.5372777695251302, 0.565375446768447, 0.528081564445431, 0.5602746668112571, 0.549813499453515, 0.576455102807799, 0.5878022879406747, 0.6130758624912291, 0.6153444410504177, 0.5805155726846575, 0.5684393791473192, 0.5886349984664396, 0.6545006522233112, 0.6229133265784513, 0.6229133265784513, 0.6229133265784513, 0.5742345958316194, 0.5978933578849573, 0.6076768012704516, 0.5827349815994801, 0.5827349815994801, 0.5827349815994801, 0.5827349815994801, 0.5827349815994801, 0.5827349815994801, 0.5827349815994801, 0.5827349815994801, 0.5827349815994801, 0.5827349815994801, 0.5827349815994801, 0.645651621637644, 0.6506755185174365, 0.6506755185174365, 0.6506755185174365, 0.6506755185174365, 0.6474486535729375, 0.6499468941545361, 0.6499468941545361, 0.6499468941545361, 0.6503112070384622, 0.6503112070384622, 0.653412214903872, 0.653412214903872, 0.653412214903872, 0.653412214903872, 0.653412214903872, 0.653412214903872, 0.653412214903872, 0.653412214903872, 0.653412214903872, 0.653412214903872, 0.653412214903872, 0.653412214903872, 0.653412214903872, 0.653412214903872, 0.653412214903872, 0.653412214903872, 0.653412214903872, 0.653412214903872, 0.653412214903872, 0.653412214903872, 0.653412214903872, 0.653412214903872, 0.653412214903872, 0.653412214903872, 0.653412214903872, 0.653412214903872, 0.653412214903872, 0.653412214903872, 0.653412214903872, 0.653412214903872, 0.653412214903872, 0.653412214903872]
nauc_var: 4.3623534282945165e-07
alc_mean: 0.8331027146389969
alc_var: 6.258208827033975e-07
nauc_std: 0.0006604811449462064
nauc_mean: 0.939708673366229
alc_std: 0.0007910884164892048
